468 335
6926 1942 1784 816 8748 4766 3874 377 9837 8522 7270 1605 4880 4712 2858 8835 302 2621 9919 5182 6861 40 4835 6461 6930 8331 8760 9722 6967 3975 6148 4304 6157 8663 571 3179 9235 6848 1851 2011 1880 4503 3894 4009 9454 3379 6453 2173 9632 8069 5450 8527 7541 7222 3239 5164 8869 5152 9581 4283 187 9199 7672 3825 876 4441 4553 2850 807 7275 2756 5417 6477 9654 8492 3082 995 7451 5547 8966 1062 451 1110 5934 4206 2994 5167 5404 9862 9356 2301 382 938 2456 906 5876 4562 2564 7596 893 3999 2633 7798 76 2308 5057 2175 4305 1255 3703 6308 5509 2199 7902 6217 5494 2479 6980 9941 180 9100 7719 8175 6907 8604 7177 2052 8354 1720 4944 5547 723 3988 50 4410 9741 1844 1487 809 1046 5553 9455 9431 1300 4444 2718 7613 3182 7089 2116 6944 1230 9568 5018 7675 6170 5513 4570 140 3427 5110 8726 3469 3646 589 8268 6694 4130 8581 6649 9473 6256 457 5339 6751 2873 7452 8587 5817 5629 5708 9115 3928 9024 8041 4652 7721 66 1400 4692 8732 3695 8515 7982 108 548 6563 8273 3284 4467 7041 5174 2463 3545 8873 2532 4625 9966 6368 1662 3332 748 7879 7536 8710 5539 4016 2486 7217 8381 7873 9838 5290 8798 2279 942 6191 7438 1005 9897 1179 714 2765 8622 7755 8871 1110 2753 3318 3817 8431 559 9112 5411 555 4716 1936 1487 6317 5775 8747 3249 3949 3920 7344 7111 9468 2768 1662 980 3188 746 210 7101 9556 1017 2542 547 4891 6571 390 7171 3602 9748 8556 3306 2559 1301 2623 3548 2023 4239 6879 9159 3284 1395 2485 211 9703 1083 145 190 9792 4510 275 1061 7772 2240 1534 2005 2574 2328 6233 1507 8401 8935 1816 472 8428 1254 9851 5442 6471 4526 2630 1255 9709 1725 6673 9483 867 9368 7248 899 2136 5420 9637 1530 493 170 2052 4565 3927 6147 9608 9811 2067 9215 7188 6375 6265 6308 2765 6856 1556 7445 3462 7032 8929 3225 5931 6740 4630 1870 563 2364 6181 5485 6624 8948 2896 6847 4472 1898 3359 2993 3801 8265 3168 6916 488 4525 7119 7049 8875 6215 1895 3499 4360 6340 1287 4748 1885 841 920 1461 5826 8961 8062 5560 5164 2491 109 8472 83 5565 2686 1148 6006 94 5762 6991 6749 4627 2214 1836 1295 3448 8663 120 8453 6913 72 1232 6222 6609 690 709 9061 4650 252 7045 9249 70 3819 940 9387 6711 5595 1131 709 7258 462 9623 9145 433 6341 2341 7663 7216 4061 1669 851 8840 7676 2620 8998 4835 5916 9111 4436 1279 6470 1884 1239 3871 6739 7075 2106 1597 8719 614 5232 4917 3375 853 8373 9118 
1 2
2 3
1 4
2 5
1 6
3 7
6 8
1 9
5 10
10 11
8 12
11 13
8 14
4 15
12 16
8 17
10 18
8 19
13 20
4 21
3 22
3 23
11 24
5 25
17 26
12 27
25 28
14 29
15 30
22 31
26 32
26 33
6 34
34 35
34 36
30 37
20 38
7 39
22 40
29 41
35 42
15 43
16 44
21 45
38 46
20 47
15 48
37 49
45 50
26 51
38 52
5 53
26 54
4 55
2 56
26 57
38 58
7 59
13 60
17 61
5 62
40 63
48 64
59 65
49 66
35 67
13 68
60 69
15 70
20 71
6 72
1 73
69 74
4 75
44 76
38 77
7 78
28 79
67 80
73 81
68 82
48 83
69 84
45 85
76 86
49 87
85 88
15 89
34 90
27 91
91 92
19 93
50 94
47 95
13 96
78 97
34 98
65 99
91 100
1 101
97 102
83 103
46 104
58 105
34 106
11 107
13 108
90 109
78 110
56 111
97 112
17 113
30 114
110 115
7 116
17 117
13 118
69 119
52 120
54 121
63 122
58 123
100 124
122 125
84 126
9 127
86 128
36 129
101 130
81 131
59 132
29 133
5 134
45 135
37 136
73 137
94 138
105 139
14 140
12 141
39 142
63 143
129 144
45 145
123 146
79 147
120 148
38 149
139 150
124 151
62 152
14 153
53 154
65 155
119 156
116 157
69 158
129 159
86 160
139 161
78 162
57 163
64 164
59 165
148 166
54 167
165 168
41 169
55 170
145 171
158 172
158 173
145 174
3 175
101 176
65 177
53 178
80 179
172 180
124 181
110 182
44 183
5 184
86 185
68 186
43 187
115 188
23 189
101 190
6 191
186 192
185 193
176 194
176 195
134 196
157 197
62 198
12 199
56 200
32 201
79 202
109 203
82 204
171 205
89 206
59 207
99 208
54 209
5 210
84 211
158 212
171 213
78 214
24 215
7 216
167 217
184 218
149 219
91 220
163 221
96 222
91 223
1 224
147 225
165 226
75 227
29 228
207 229
151 230
19 231
148 232
11 233
196 234
92 235
159 236
70 237
148 238
148 239
181 240
117 241
140 242
109 243
88 244
30 245
34 246
240 247
247 248
170 249
229 250
73 251
81 252
87 253
11 254
245 255
96 256
183 257
232 258
35 259
180 260
87 261
78 262
160 263
234 264
119 265
151 266
206 267
28 268
233 269
247 270
47 271
210 272
21 273
155 274
135 275
82 276
5 277
90 278
27 279
140 280
97 281
190 282
142 283
221 284
177 285
8 286
241 287
126 288
236 289
242 290
106 291
51 292
115 293
63 294
61 295
185 296
242 297
40 298
220 299
2 300
182 301
206 302
152 303
147 304
296 305
262 306
133 307
52 308
4 309
214 310
163 311
87 312
84 313
258 314
268 315
48 316
202 317
25 318
37 319
259 320
210 321
119 322
239 323
262 324
317 325
166 326
129 327
89 328
72 329
147 330
288 331
183 332
134 333
17 334
205 335
79 336
226 337
31 338
264 339
27 340
16 341
318 342
261 343
239 344
5 345
142 346
188 347
29 348
292 349
334 350
246 351
183 352
245 353
259 354
351 355
38 356
199 357
314 358
98 359
2 360
238 361
209 362
140 363
195 364
116 365
47 366
238 367
14 368
361 369
50 370
3 371
58 372
350 373
77 374
134 375
300 376
124 377
337 378
376 379
272 380
313 381
75 382
273 383
227 384
284 385
246 386
322 387
226 388
97 389
195 390
121 391
373 392
34 393
175 394
179 395
84 396
62 397
188 398
351 399
232 400
216 401
148 402
398 403
201 404
398 405
214 406
189 407
382 408
52 409
6 410
400 411
406 412
81 413
248 414
340 415
366 416
212 417
116 418
304 419
359 420
9 421
138 422
179 423
49 424
147 425
49 426
135 427
400 428
46 429
136 430
199 431
134 432
154 433
229 434
214 435
161 436
137 437
378 438
222 439
222 440
310 441
157 442
102 443
334 444
44 445
315 446
50 447
128 448
357 449
49 450
58 451
156 452
356 453
397 454
50 455
15 456
342 457
279 458
437 459
294 460
53 461
388 462
3 463
223 464
280 465
235 466
95 467
157 468
2 463 464
1 245 5300
2 212 236
2 369 434
2 47 115
1 180 662
2 21 149
1 92 1599
1 197 7635
1 123 7555
1 113 6010
2 297 126
2 391 371
1 435 7011
1 15 9389
2 370 118
2 372 24
1 89 1847
2 89 329
1 413 3891
2 52 210
2 128 45
2 113 80
1 120 8468
1 391 3791
1 37 6676
2 52 167
1 389 1591
2 424 408
2 238 230
1 366 7724
2 292 363
2 70 211
2 93 67
2 409 339
1 379 6515
1 81 564
2 34 429
1 137 730
1 213 1698
2 254 306
2 346 5
1 416 5359
2 215 401
2 94 416
1 229 4172
2 190 334
1 299 3889
1 52 8560
1 371 606
1 192 6656
2 381 114
1 205 6635
2 395 249
2 380 408
1 315 9635
2 462 259
2 168 422
2 211 343
1 40 8115
1 119 8749
2 12 8
2 114 151
2 441 383
2 3 85
1 394 5033
2 307 384
1 67 1838
2 189 128
2 319 253
2 453 248
1 260 1890
1 450 5376
1 191 28
1 346 8712
2 412 116
1 63 2810
1 429 3484
1 139 3146
1 22 1402
1 344 9311
1 73 632
1 339 7560
1 88 2190
1 109 1000
2 397 407
1 307 8673
2 359 358
1 17 1057
1 414 3696
1 1 2687
2 387 335
1 300 7223
2 363 321
1 229 5105
1 37 611
1 5 8356
2 343 369
2 57 170
2 390 138
2 444 71
1 75 3567
1 401 5322
2 111 359
2 293 452
1 247 7516
1 74 5580
2 458 298
1 258 2410
1 170 6284
2 409 392
2 37 422
1 294 2187
1 439 700
2 66 342
2 300 141
1 310 1855
1 50 7882
1 378 9467
1 184 995
2 190 404
1 98 1858
1 426 3438
2 345 78
2 432 74
2 341 53
2 433 46
1 84 6613
1 293 9851
1 401 1751
1 1 6662
2 62 384
2 424 57
1 80 2105
2 105 373
1 212 8521
2 216 309
1 2 9031
2 33 316
2 19 337
1 140 6734
1 285 9027
1 345 9537
2 450 236
1 313 2331
2 218 66
1 75 1277
2 6 9
2 375 310
2 31 295
1 324 6157
2 286 360
2 244 302
1 277 3421
1 354 1596
2 328 118
1 437 2222
2 251 392
1 168 33
2 278 322
2 94 122
1 427 8304
1 237 4895
2 208 333
2 164 258
2 11 321
2 348 32
2 158 295
2 138 125
2 199 227
1 335 2295
2 261 247
1 56 2368
2 90 277
2 443 380
1 71 1286
2 342 303
2 358 367
2 309 462
2 143 295
2 308 451
1 436 6424
2 111 19
1 289 9126
1 304 7546
1 463 5800
1 252 563
1 371 5289
1 186 8523
2 259 151
2 24 62
1 387 830
1 20 8849
1 118 5103
2 110 274
1 189 2299
1 113 934
1 343 3363
1 251 20
2 100 222
2 435 431
1 39 4451
2 408 438
2 75 293
2 362 246
2 120 458
2 439 66
1 111 2810
2 251 276
1 254 1830
2 3 429
2 349 11
2 90 412
2 256 255
2 361 343
1 406 1968
1 36 3644
1 11 3451
2 334 64
1 125 7344
1 4 9481
2 369 453
1 333 7082
2 292 161
1 171 1809
1 441 7884
1 127 2458
1 376 4206
1 234 4781
1 466 3841
1 70 3553
2 280 31
1 35 3083
1 445 1732
2 320 221
2 341 447
2 407 410
1 331 7651
1 301 5186
1 30 5609
2 379 76
2 91 391
2 462 337
2 334 256
2 128 119
1 212 1628
1 35 8902
1 435 6060
1 463 6472
1 9 6799
1 94 9974
1 256 7003
2 181 332
2 449 62
1 209 5145
1 395 2322
2 176 92
1 329 5583
2 50 232
1 288 348
2 459 67
2 104 41
2 269 102
2 81 388
1 187 1177
1 330 9793
1 358 8375
1 119 6513
2 22 251
2 44 243
2 204 97
2 279 267
2 95 448
1 380 5347
2 370 91
1 373 5404
1 338 5330
2 411 373
1 172 5099
1 289 3840
2 242 382
2 462 199
2 136 327
1 123 9873
2 44 92
1 230 8011
2 398 194
1 285 5743
2 86 115
1 462 4177
2 317 464
2 7 419
2 228 404
2 218 303
2 116 68
1 387 7897
1 238 21
2 313 462
1 87 2184
2 465 167
1 363 2216
2 315 118
2 42 251
1 12 9480
1 141 1392
1 74 2749
2 51 426
2 350 161
1 152 6228
2 358 60
2 126 380
2 421 426
2 332 102
1 282 8727
1 358 7031
2 114 236
2 285 210
2 220 59
2 430 110
1 83 8898
2 386 34
2 419 377
2 169 49
2 180 180
2 338 336
1 236 5989
2 14 106
1 306 7328
1 429 1607
1 424 9407
2 188 354
2 163 256
2 270 351
1 167 6309
1 381 4627
