
1 0
2 0
3 0
2 0
4 1
2 1
3 1
2 1
3 1
2 1
3 1
2 1
3 1
2 1
3 1
2 1
4 2
2 2
3 2
2 2
3 2
2 2
3 2
2 2
3 2
2 2
3 2
2 2
4 3
2 3
3 3
2 3
3 3
2 3
3 3
2 3
3 3
2 3
3 3
2 3
4 4
2 4
3 4
2 4
3 4
2 4
3 4
2 4
3 4
2 4
3 4
2 4
4 5
2 5
3 5
2 5
3 5
2 5
3 5
2 5
3 5
2 5
3 5
2 5
4 6
2 6
3 6
2 6
3 6
2 6
3 6
2 6
3 6
2 6
3 6
2 6
4 7
2 7
3 7
2 7
3 7
2 7
3 7
2 7
3 7
2 7
3 7
2 7
4 8
2 8
3 8
2 8
3 8
2 8
3 8
2 8
3 8
2 8
3 8
2 8
4 9
2 9
3 9
2 9
3 9
2 9
3 9
2 9
3 9
2 9
3 9
2 9
4 10
2 10
3 10
2 10
3 10
2 10
3 10
2 10
3 10
2 10
3 10
2 10
4 11
2 11
3 11
2 11
3 11
2 11
3 11
2 11
3 11
2 11
3 11
2 11
4 12
2 12
3 12
2 12
3 12
2 12
3 12
2 12
3 12
2 12
3 12
2 12
4 13
2 13
3 13
2 13
3 13
2 13
3 13
2 13
3 13
2 13
3 13
2 13
4 14
2 14
3 14
2 14
3 14
2 14
3 14
2 14
3 14
2 14
3 14
2 14
4 15
2 15
3 15
2 15
3 15
2 15
3 15
2 15
3 15
2 15
3 15
2 15
4 16
2 16
3 16
2 16
3 16
2 16
3 16
2 16
3 16
2 16
3 16
2 16
4 17
2 17
3 17
2 17
3 17
2 17
3 17
2 17
3 17
2 17
3 17
2 17
4 18
2 18
3 18
2 18
3 18
2 18
3 18
2 18
3 18
2 18
3 18
2 18
4 19
2 19
3 19
2 19
3 19
2 19
3 19
2 19
3 19
2 19
3 19
2 19
4 20
2 20
3 20
2 20
3 20
2 20
3 20
2 20
3 20
2 20
3 20
2 20
4 21
2 21
3 21
2 21
3 21
2 21
3 21
2 21
3 21
2 21
3 21
2 21
4 22
2 22
3 22
2 22
3 22
2 22
3 22
2 22
3 22
2 22
3 22
2 22
4 23
2 23
3 23
2 23
3 23
2 23
3 23
2 23
3 23
2 23
3 23
2 23
4 24
2 24
3 24
2 24
3 24
2 24
3 24
2 24
3 24
2 24
3 24
2 24
4 25
2 25
3 25
2 25
3 25
2 25
3 25
2 25
3 25
2 25
3 25
2 25
4 26
2 26
3 26
2 26
3 26
2 26
3 26
2 26
3 26
2 26
3 26
2 26
4 27
2 27
3 27
2 27
3 27
2 27
3 27
2 27
3 27
2 27
3 27
2 27
4 28
2 28
3 28
2 28
3 28
2 28
3 28
2 28
3 28
2 28
3 28
2 28
4 29
2 29
3 29
2 29
3 29
2 29
3 29
2 29
3 29
2 29
3 29
2 29
4 30
2 30
3 30
2 30
3 30
2 30
3 30
2 30
3 30
2 30
3 30
2 30
4 31
2 31
3 31
2 31
3 31
2 31
3 31
2 31
3 31
2 31
3 31
2 31
4 32
2 32
3 32
2 32
3 32
2 32
3 32
2 32
3 32
2 32
3 32
2 32
4 33
2 33
3 33
2 33
3 33
2 33
3 33
2 33
3 33
2 33
3 33
2 33
4 34
2 34
3 34
2 34
3 34
2 34
3 34
2 34
3 34
2 34
3 34
2 34
4 35
2 35
3 35
2 35
3 35
2 35
4 36 //////////////////////////////////////////////
2 36
3 36
2 36
3 36
2 36
4 37
2 37
3 37
2 37
3 37
2 37
3 37
2 37
3 37
2 37
3 37
2 37
4 38
2 38
3 38
2 38
3 38
2 38
3 38
2 38
3 38
2 38
3 38
2 38
4 39
2 39
3 39
2 39
3 39
2 39
3 39
2 39
3 39
2 39
3 39
2 39
4 40
2 40
3 40
2 40
3 40
2 40
3 40
2 40
3 40
2 40
3 40
2 40
4 41
2 41
3 41
2 41
3 41
2 41
3 41
2 41
3 41
2 41
3 41
2 41
4 42
2 42
3 42
2 42
3 42
2 42
3 42
2 42
3 42
2 42
3 42
2 42
4 43
2 43
3 43
2 43
3 43
2 43
3 43
2 43
3 43
2 43
3 43
2 43
4 44
2 44
3 44
2 44
3 44
2 44
3 44
2 44
3 44
2 44
3 44
2 44
4 45
2 45
3 45
2 45
3 45
2 45
3 45
2 45
3 45
2 45
3 45
2 45
4 46
2 46
3 46
2 46
3 46
2 46
3 46
2 46
3 46
2 46
3 46
2 46
4 47
2 47
3 47
2 47
3 47
2 47
3 47
2 47
3 47
2 47
3 47
2 47
4 48
2 48
3 48
2 48
3 48
2 48
3 48
2 48
3 48
2 48
3 48
2 48
4 49
2 49
3 49
2 49
3 49
2 49
3 49
2 49
3 49
2 49
3 49
2 49
4 50
2 50
3 50
2 50
3 50
2 50
3 50
2 50
3 50
2 50
3 50
2 50
4 51
2 51
3 51
2 51
3 51
2 51
3 51
2 51
3 51
2 51
3 51
2 51
4 52
2 52
3 52
2 52
3 52
2 52
3 52
2 52
3 52
2 52
3 52
2 52
4 53
2 53
3 53
2 53
3 53
2 53
3 53
2 53
3 53
2 53
3 53
2 53
4 54
2 54
3 54
2 54
3 54
2 54
3 54
2 54
3 54
2 54
3 54
2 54
4 55
2 55
3 55
2 55
3 55
2 55
3 55
2 55
3 55
2 55
3 55
2 55
4 56
2 56
3 56
2 56
3 56
2 56
3 56
2 56
3 56
2 56
3 56
2 56
4 57
2 57
3 57
2 57
3 57
2 57
3 57
2 57
3 57
2 57
3 57
2 57
4 58
2 58
3 58
2 58
3 58
2 58
3 58
2 58
3 58
2 58
3 58
2 58
4 59
2 59
3 59
2 59
3 59
2 59
3 59
2 59
3 59
2 59
3 59
2 59
4 60
2 60
3 60
2 60
3 60
2 60
3 60
2 60
3 60
2 60
3 60
2 60
4 61
2 61
3 61
2 61
3 61
2 61
3 61
2 61
3 61
2 61
3 61
2 61
4 62
2 62
3 62
2 62
3 62
2 62
3 62
2 62
3 62
2 62
3 62
2 62
4 63
2 63
3 63
2 63
3 63
2 63
3 63
2 63
3 63
2 63
3 63
2 63
4 64
2 64
3 64
2 64
3 64
2 64
3 64
2 64
3 64
2 64
3 64
2 64
4 65
2 65
3 65
2 65
3 65
2 65
3 65
2 65
3 65
2 65
3 65
2 65
4 66
2 66
3 66
2 66
3 66
2 66
3 66
2 66
3 66
2 66
3 66
2 66
4 67
2 67
3 67
2 67
3 67
2 67
3 67
2 67
3 67
2 67
3 67
2 67
4 68
2 68
3 68
2 68
3 68
2 68
3 68
2 68
3 68
2 68
3 68
2 68
4 69
2 69
3 69
2 69
3 69
2 69
3 69
2 69
3 69
2 69
3 69
2 69
4 70
2 70
3 70
2 70
3 70
2 70
3 70
2 70
3 70
2 70
3 70
2 70
4 71
2 71
3 71
2 71
3 71
2 71
3 71
2 71
3 71
2 71
3 71
2 71
4 72
2 72
3 72
2 72
3 72
2 72
3 72
2 72
3 72
2 72
3 72
2 72
4 73
2 73
3 73
2 73
3 73
2 73
3 73
2 73
3 73
2 73
3 73
2 73
4 74
2 74
3 74
2 74
3 74
2 74
3 74
2 74
3 74
2 74
3 74
2 74
4 75
2 75
3 75
2 75
3 75
2 75
3 75
2 75
3 75
2 75
3 75
2 75
4 76
2 76
3 76
2 76
3 76
2 76
3 76
2 76
3 76
2 76
3 76
2 76
4 77
2 77
3 77
2 77
3 77
2 77
3 77
2 77
3 77
2 77
3 77
2 77
4 78
2 78
3 78
2 78
3 78
2 78
3 78
2 78
3 78
2 78
3 78
2 78
4 79
2 79
3 79
2 79
3 79
2 79
3 79
2 79
3 79
2 79
3 79
2 79
4 80
2 80
3 80
2 80
3 80
2 80
3 80
2 80
3 80
2 80
3 80
2 80
4 81
2 81
3 81
2 81
3 81
2 81
3 81
2 81
3 81
2 81
3 81
2 81
4 82
2 82
3 82
2 82
3 82
2 82
3 82
2 82
3 82
2 82
3 82
2 82
4 83
2 83
3 83
2 83
3 83
2 83
3 83
2 83
3 83
2 83
3 83
2 83
4 84
2 84
3 84
2 84
3 84
2 84
3 84
2 84
3 84
2 84
3 84
2 84
