207737298
214753587
497227305
552270496
733408957
934812516
807472340
74174819
450726198
784787363
996060426
149418951
224172975
456497303
554032304
834039702
49032655
699559551
968031701
633512614
586756669
456377556
573565292
142256838
901332484
636259018
539790320
121539003
499691371
534077182
916584789
410211165
140512062
884224099
546982867
796162455
294188360
397408222
650258672
891344118
631618242
406596545
739847917
387281910
741463856
562080733
286428424
91439539
695407396
404527285
742155819
650498280
517952677
440988654
15343325
566850935
530017441
595798206
998247592
22889624
398186386
992228010
834354187
246102730
528745595
888140231
777431165
713174527
684047291
206786170
201257796
752245626
946324191
357655805
452459924
845234088
659524424
328285351
494616865
518063340
245237027
482498902
777440581
946201918
378518748
678992825
812193727
763303946
551466618
638649904
33187812
782263668
68547309
809436205
911084918
430554680
688995407
843554900
286096792
133119750
746897502
73973433
506733733
444993279
18067035
811908957
912829507
724824293
569463768
864070690
957559289
480476691
448740795
682960480
824852542
591901241
293152604
805743864
227152204
676498186
254254483
680343450
752163736
223299284
961946868
589550292
863339023
831724398
360619477
199674506
128554699
280798681
424278103
829710674
122274168
340226954
185560756
717872066
150117527
509062092
935262192
75974084
34351119
163053764
887710708
694744528
487678457
217925247
140787122
50045086
925397461
972957253
902107601
981226475
216572517
871833109
842294504
350331354
678001222
597935442
318806594
29083254
932301091
329191269
89307139
595358367
549082532
858580934
979027846
754742736
645973402
107797238
265395922
884910920
936942242
905811554
964473289
505545932
587392771
464520731
481149355
153967289
90651618
259594465
746087079
737065364
793115683
108536233
337642012
515650677
488169680
94166946
212097879
788279601
737520604
503854022
500973618
881810376
198007572
413969608
785513886
625428610
68704474
892251050
319533328
753561410
95607197
83796540
61120238
106139353
818149865
708063104
677600087
64453273
128795849
357592092
324500239
973221060
157610439
708629744
621767866
747475977
311508343
624492026
878486661
772632296
910499247
567245573
278079650
661348027
921967522
968621568
763029630
795487388
720997526
317626157
194573697
468165698
656548953
539436660
488153743
869971834
554898169
648241679
311413651
586605751
11112603
792806265
713682241
628495108
458110985
382640460
276523125
920333610
581372310
36214516
637232628
762102824
241685104
770780327
464214725
648166233
122140503
671040457
910012872
865140068
856086598
365663506
367534940
288667955
393578907
666147520
500658332
688538597
140943908
731544479
446498179
856318952
759794249
144186291
258130683
48503777
316890151
510454816
964874382
183595330
78159705
441410825
482860615
473619194
954518188
731047847
737295113
889205889
309568338
66589540
266131478
805279829
458236012
260137517
848550219
514353579
487393613
364751930
560115687
981764211
663511482
405884501
485646123
580840805
205625546
996406827
303124097
892393829
603756300
217624872
651532078
320882691
302023870
645780817
798543971
728866791
798753366
78014828
101748029
897921636
719776524
585891035
623407203
653376734
956422225
453773784
189256802
829764079
796472692
491753958
118722187
268365039
419123056
425621374
671165149
142921
556557686
406808539
568447379
92407010
217500456
261988296
21422700
973824038
611006546
546139745
80097399
369784610
836373194
998055922
110484584
599782895
87192469
865102247
951230750
923808643
987002194
635897242
47811894
866656145
918932449
912070297
87428072
711470034
683735079
330833533
24496344
995646047
635961243
59994025
692218439
398750106
613729915
148626472
184672409
701833114
982423311
654737598
492188226
31682167
395053345
133864866
33534905
922024801
425725186
81334834
823692821
513628302
276165834
878457726
726482925
180773976
388236276
265548670
997830707
342480972
930036252
292295145
282628438
674556056
160083148
177660694
923240972
236810556
227756533
674249221
376129460
580418151
41968357
799276975
79896235
582561135
84968159
145528731
810893325
451562314
889619716
637114760
978997281
288869552
893523175
205559694
931007758
228791916
218108511
179971489
35008373
457067216
921144065
225099164
231863375
920337710
29928698
616351363
110044928
871726749
177483725
966246402
780099569
311751071
656036070
884374502
640509642
551529649
268221298
71776649
721113673
848968699
196422350
710227818
172354861
116766809
186175390
604637630
785927948
125111923
266070761
113605839
188623642
128419681
552438943
959701144
412814634
411079156
488307168
833111669
648306569
41341185
239419092
669922359
474706006
493228333
585281336
869437427
137582410
526242812
365640098
442394419
714367611
713090273
173842950
315992758
619562373
653630781
429842815
698872127
275277361
840202248
575846520
980347758
660906608
596126168
27890681
772302596
955705582
800726238
599990259
69556514
583787428
60822648
980100222
413533074
559179392
157428686
835008786
588344055
212356474
509617387
902801110
261077164
279353121
991620184
658271725
686516374
584412690
529340694
39136756
764735107
213332022
316557007
277166525
274793085
136721493
798018728
677236769
447097680
909520683
72729492
508845861
416606372
467714745
945204931
192893529
253463146
155050313
361352299
586912625
277046356
133321035
776289640
17571893
451445745
745030119
829555440
494942765
589540891
371890367
91552658
77536148
705686799
322083160
125272099
334024751
480198239
897682531
723453521
357655866
415556260
357464698
620614143
955098139
556079744
923402650
626222358
144125635
299297534
62748341
800497696
719982066
396493310
941515355
243099727
209503815
724167137
665128594
481511751
135873717
652636938
549126166
701124714
629471882
870026478
730039585
340896141
530973491
230268065
906906801
95755336
578270500
956985861
93644746
505481171
829929969
401709697
257696506
272254942
769041885
509556748
754272692
279121589
335259468
116966780
598436918
14370267
633188972
118764665
313933582
438655460
370675718
871894126
191407681
256478240
984979050
751506651
914308211
29729088
15099669
225039027
299039066
772891196
35488774
257030553
75036297
522854028
573166924
324985791
417178201
61006940
708595872
940691078
344105366
740401055
392295808
862927873
532532246
481166100
569120326
726848399
846497082
820735141
253161604
342644517
402561855
521242964
269967675
678577215
816416096
231492358
868499486
86403613
514428320
80684672
702623264
278754526
615970518
601922865
758131123
444074257
580034260
145947662
101563325
579944166
316656926
101922849
848481775
370792206
541519221
365549483
838850308
258921177
786809154
25043448
9396338
522139052
64145094
731545863
266459918
264819653
235791441
557022835
464660955
101320244
725340422
585906899
809258818
560672427
939932809
959472656
786161405
156375380
546344383
153502768
947901797
569791087
390458530
51124540
294487496
990653078
909956994
425986336
959699520
852893484
150859417
261540826
635494151
325965287
996391979
357057778
747643148
236115794
246179453
517817630
503747569
907463800
455876314
154609046
22835172
72201632
719586909
430668397
189445396
639007098
159449222
608126698
99019736
925844310
536140429
145784717
592251994
177913752
388614160
270699375
782787802
64242513
69689018
621539627
485797187
738692516
130963318
726396672
954589084
897262878
545410054
276654228
388449107
926089975
830794088
70807458
953511615
36447796
108326911
46704551
824555148
190699805
229137174
770082361
774897364
323274307
748481381
989750026
439504928
587003767
145898642
848641859
470073447
846202218
712494770
100353999
548893121
75136034
943587289
710887278
740721008
944875442
757379531
410598346
932985071
879883732
306261163
923047184
135143687
949561988
517237890
788991878
46183504
543026777
623712128
767515437
298822309
480156151
966505833
785016549
742422845
221497861
966189262
845718607
396068552
227650077
399812194
261593328
505890720
834783099
338022117
480559671
925264495
920461294
116409190
256230589
611613367
641571475
780217665
729518261
119364971
913894728
68344357
233623340
480018628
643445895
563865426
380585636
536824369
923982510
948140721
142551703
273464861
774810289
865344523
657539294
881795767
397505646
379876052
553937515
849619114
199081032
747109794
53058170
926948359
205233425
628827537
27422643
429400648
294051896
170682908
882897242
772873224
903587892
102597620
559842762
480166404
623166526
455219155
738759853
90925035
395634878
315634965
903508302
913326510
857275664
219853413
594343888
896409368
770163572
969183121
852039320
572382246
824904507
877929955
911721314
675805868
6630943
193106087
375553872
924795599
990968682
754078529
219903946
351448822
615591220
958598750
653860557
702959279
55636326
356859106
317446932
312199443
581043272
638077714
439460133
848531205
996620112
209829563
811816458
768993282
17620704
86722958
48383805
230263530
448795995
874899860
997100610
186291612
961161355
823076774
296208900
100278972
403690937
224977186
825887989
137206783
71798557
849952692
584531420
914210744
108290086
797305191
51466969
782278587
250702149
337828659
310206751
911639449
940941289
439994290
342004079
991797785
629175422
562098914
107325533
846231718
64842755
505738945
974737384
420443801
382028372
809910682
422418889
315224202
12320885
723848914
125587170
371935600
6703674
874186450
259140686
966242131
90060202
331957555
833639429
355146429
454160676
260991002
580727302
581580029
955938612
233434093
311161728
862980373
380616657
603924150
703713171
631542642
292825067
369719563
931688218
296033674
813759496
297588676
609866649
335849027
61275802
957566014
704132666
555932529
962333980
197914057
933919789
534784750
877004917
220690099
831862291
303195606
468049002
29025880
350712887
573081006
176214366
223531779
175311548
789580758
275582076
365647517
438487164
464080008
971046998
415215353
265001219
453392840
433320083
294122299
529373377
739984358
593310726
132332782
459513598
863735647
756860615
976679094
81194102
401740114
832008858
55938107
605369436
986238991
387644245
602206339
261847848
373275695
914862244
253703775
336320818
417703476
625359106
108953844
89688782
681701334
93211842
587551301
664614943
80433100
504904878
628773050
824591830
901743747
244171037
930517959
799432940
78662124
58470849
353171734
198526455
42200569
571180436
322929934
170470120
535402321
110412805
559605977
963540538
788844069
931705294
702837837
464184992
852069662
753192464
275397735
691623175
917482742
740283528
562276413
248670407
647046398
444991920
44956553
776097082
89401286
479722381
769194483
131937580
723341269
419761584
123941895
153533440
699557074
2982645
900637195
508615065
323069659
659597051
336763185
479084542
942575480
194607999
736778667
600667304
744524633
261951324
745160974
464581810
304405469
366502088
890036145
199077064
755776806
307464045
73814464
743309537
352908423
892823036
193653919
335098094
29098203
17128688
311123883
338891390
680230071
119170222
758657192
660643721
939644688
43978336
871248454
403903341
262388781
722214617
254633176
672571604
785048816
550956566
289507698
655454132
247228180
544230222
218406849
816901508
470542511
187765111
948261835
228823564
838783767
834070335
465114176
895837246
221981068
37182228
511593589
643496942
458559980
75918488
418088094
107028373
489320547
711856810
617473804
476520536
706341017
655738106
788961330
972694081
677773889
813729328
165929835
483444033
375490069
79120358
71607266
766660933
573254530
698196821
96989852
148733881
195561551
824861563
115802885
976355099
774439144
130248693
218492604
588842571
777703203
772985875
864395251
180837718
657768059
913233403
810438061
149469052
759109574
100851366
370157738
851339469
425268223
54408691
857857307
815976263
188974116
26201768
410136512
483029598
73507406
961922376
310452372
645196627
36646445
33798289
199894292
10478330
673640568
610862078
8675712
683657242
394001533
256865330
958506714
123012073
988634646
131083825
909210278
93685030
572517515
48525217
883913675
233657535
46256314
826932057
841610606
705406059
847835413
766519296
73405068
527912959
297112449
840624993
938211846
966552022
839054183
158832244
978827979
260748335
228300227
190068048
746664891
408226794
109215255
428514291
813600213
371640036
610600141
331820940
883235114
879793956
488508527
387653728
848589772
700799839
798752679
997710341
936115705
846286418
706422920
37616779
433915840
204093220
14515469
425441766
468366300
515339118
106636513
983578943
205023194
784803660
931416093
679953967
632907334
699946826
802776904
717441040
308027230
266195113
723263846
83735227
20939986
778414060
393225669
770337062
607511157
238512590
994364444
753256482
155594350
876345604
243223773
12061328
146826506
523100848
219500654
319917311
336361794
293942636
680284496
770015446
94575864
549420640
289500702
729584731
535521436
819416603
279266449
84876388
922504845
911007825
613635851
860841698
253568316
260598297
936343833
22959417
756810077
106511526
884560049
887991301
921331616
52632158
831593840
895870543
839695271
10100221
954994516
291095865
613541060
358056979
977277025
733318774
356913732
469352681
176534114
755616484
118974888
560108709
799783536
216819778
278085225
710815720
748362987
49665990
945336245
943904225
33222818
17788044
609610272
325103812
221426683
902082025
319263990
840558303
675739227
860207147
741368729
336204959
94186730
486233375
284736729
534397225
299063716
884563138
209550130
866925480
698227420
97750075
926567543
269109867
17422314
619319041
351167205
141663306
824096821
983844587
379882147
142474402
160657991
32573651
870315500
371953884
661300787
994964059
36212608
556610106
988939138
628955770
220255456
696932313
495372350
669966121
857776720
343154369
938551233
70687973
301375960
959232122
878611268
578965437
275912613
721958282
453634547
502429349
527498923
630158467
182175460
575937831
701277187
929489223
420840907
874053505
284333016
728029886
287857555
532405602
497853794
994021098
844898277
912680466
254333278
25021931
96838034
786952593
561547330
605097822
63636257
283093184
12949964
214004567
625773815
506762419
494864883
644207748
721355660
694050657
456701711
356567678
582551401
149570423
658653506
639317126
987633679
344047785
620825676
358735733
171697658
610552250
348800417
179095019
130536825
155593515
750225368
955494670
545536632
776090175
738250957
357030345
728546888
663811910
302311969
360319257
621099248
419760329
292601415
524508363
941281237
731866070
717039903
598083431
692847971
294776435
623949280
688692023
852989633
240426233
85135214
308467719
595885458
175419638
45857291
626806020
7353221
574566001
796589308
399647038
719915316
762950680
607483598
694408226
669270717
447521453
711238350
928561025
91614702
223562266
689926257
805650180
263424450
81921464
589130478
412705595
791452554
485583164
367857212
590398508
732084449
569014960
73354026
712317767
710722830
884153829
752752129
623200555
804263554
752030972
84463416
294331699
765753964
525903413
231679681
954605879
54354978
719579594
627117676
250081860
658350087
429938035
33612994
760694984
453082138
966650878
75060634
306051296
689063125
236599490
965231864
923801486
598962604
796909561
968179027
766598646
17288930
67451136
198261620
559948555
721108683
345511480
897104465
739031431
432604372
253613039
369027412
645828862
70195249
305266132
745604376
618256397
748383864
335184036
546546956
743781324
14119613
326271848
692167190
234125809
709476258
509710457
369116823
472589350
404771872
325112555
295565969
630857189
474705353
362103174
503079645
423842858
365636248
786929370
451251810
120847137
731557092
893765607
320433343
793731303
142277755
92897572
166604905
604743045
592733198
446094202
684667016
378221362
792661421
868983820
910777712
871761994
529630759
128871030
282453656
99789608
84124699
539319336
914190426
290335426
520611618
442138453
210672470
735905158
565828210
568248086
279762790
749057303
274771983
843022114
435024077
142494998
247747114
574745649
818542812
308429142
326005988
53819056
133238646
560281872
335267432
558170499
624558876
151470990
345900843
155594719
449968832
314509188
743458091
489247047
11616276
586668665
46667729
143796965
253861938
367540904
683698243
627357326
30371761
204649916
727361427
341428490
429412812
244978165
509809464
633000742
534572701
160472744
376694057
918349513
875729086
496385283
357183138
332894802
945360673
511763886
969953690
38321537
551147851
730634937
716285677
61468716
493452033
790504620
13585330
500251482
338058510
827100401
318518045
193547444
717018942
893049920
330718913
130793741
279137581
827325135
649961697
86518341
282277856
554026883
507236712
103565803
265973675
413481265
286849570
221566220
129520517
216278391
612950232
932970373
954521224
666698509
868146299
167965996
263993602
616580540
953639811
151235454
701605877
542040657
234658721
252279425
710635221
781507339
515434286
922810067
83354131
81852511
262847355
594335358
539245388
800355482
223726394
15381913
894559439
826127966
686140342
760175039
335585717
503440547
677426750
742464392
537680732
782157661
842941340
389509975
318495596
282111976
919862625
182648548
92820922
421425635
35274929
877803379
950571158
16382635
181210127
908060193
266453244
992060947
764114043
79921685
472490453
135721023
849872235
157882955
685054713
184485086
66377354
147579523
423712945
525268028
81282658
659531792
736379229
558630715
170733008
454797902
633178460
336057709
175420100
623598394
203838479
788430867
711900979
237059990
95608649
219671509
448945731
843917189
95825968
969882733
472851271
165390431
687538974
15756908
721250988
338884689
657086603
507954815
567715756
893701156
945586923
795422669
610710032
923256083
469316499
571889942
510461571
908690532
663320273
394989933
464313213
119107743
946029851
806732905
819089457
80147960
618490215
760801170
231223433
311139328
765519386
820373286
616105374
719318101
144776614
761552366
111083368
264053636
642194692
648030377
583364641
928371630
792082360
560405934
505934371
295938008
991203430
312063004
891574384
451465955
609689692
903347000
565831130
273971354
820165807
863759218
308591363
213166689
523073426
730590629
534600101
718267305
746889019
753065556
747757996
811411263
235176225
934428305
365746817
550328206
697474527
69489862
525621514
862115299
529895693
537953764
36269045
698548334
208086159
968909355
683421062
151196173
321467852
812927917
639486200
734859336
136548214
148444816
95613717
745546853
937871812
638346656
891444780
445736833
169876604
917321586
871337842
946521355
905162220
360532736
453864059
512711939
129807972
901675819
740292676
817638772
565834450
113368407
307545674
174351726
161594661
830530191
573169610
887930470
68966474
362673440
946451442
658494706
312600087
917383609
99038664
918546829
669422739
745590979
538328616
948312188
579502306
955263277
947912225
4908525
621497105
717201635
274243694
47880938
121487946
209649342
735233849
956901399
951943134
758020187
18625077
351636577
90599262
259022476
376803588
308341758
954442824
641689266
629583702
146547615
728883278
255141360
663232835
369058686
492292686
772581703
941767283
239102936
739000575
875007669
170417245
573824992
693853614
470374580
562998067
843498900
264270534
382199533
5467493
169556010
4113371
395630939
970653581
397908808
709339045
629224375
394910299
650933728
389860729
26793308
598614021
351820172
773935079
366319748
854438490
676001381
499517926
159911812
109978505
118482015
452396773
456822737
657402663
958505811
719699402
953333635
161642688
468117264
992960108
216606727
718098727
989003216
166988745
215041419
462755476
161904014
763861464
280396029
760669769
848531228
748881399
823021597
80671186
745426067
736625719
885436648
498874058
664483141
387845973
462811729
420098372
678829105
80091218
531486700
418589278
884370817
45115116
309175938
656171143
775212091
802315293
729720455
123309270
43769204
663451997
549092012
851527111
7059096
519276590
109625389
702581236
581861998
260828459
634205821
963774139
383729034
148559974
808168414
101311608
321032180
220334332
933229768
868733015
928484937
149857297
171578563
208353089
927628053
992867960
67119141
703825396
563120961
811048457
58421790
145106869
608921125
568735210
672454926
467262981
162208211
655948163
631550515
440323932
670322976
918702947
901126438
119046625
80543545
582278714
235242206
466711712
427236449
621361628
820499180
864037076
574453861
242586550
165525165
904857853
826127185
911258179
792863045
599651204
423557786
324223507
962772705
55800602
651994627
641250367
601982762
186698870
574396898
708710319
920554831
693142326
556312336
635510268
465972173
14556781
818924127
49327422
696550930
977287914
275202527
887292541
97991890
95549490
791807295
760972930
454255016
804062113
876402592
96915383
261081142
674329845
965543015
165785400
621577419
193003061
923429950
861451759
738987251
559821426
430179443
318619672
17301754
525429289
908854681
274573918
779513477
997079398
152468250
342287330
32270926
508106703
254472470
876660006
634972151
849483692
168365036
415643463
944936478
444498079
282390207
776101873
951008172
810982072
945485323
942560034
620430345
771120377
852841925
48833349
169012404
377895698
76548758
775354927
564671046
970775651
837873464
372811598
40795206
172860608
853242274
494694103
704698647
602026526
184379886
687695406
929493982
448154741
603573313
215956256
862617633
360157921
819758220
832730109
1825898
484363307
309121469
728845577
967226283
341947838
221250818
940925746
42959938
868650701
544721355
167490250
711216532
904558635
188523632
655009872
357117706
958511202
256102565
363706699
101346726
806829550
104808388
597774588
418560079
633492806
98293195
945777241
699965426
232324897
632413007
998864588
928987939
727594742
44130528
164127994
279685815
171451859
181108268
481538675
605723046
96442142
450365396
754128191
166416160
40206909
860591788
734282646
692400776
304310312
873320109
677264528
350217422
650138742
568167857
381353429
281525397
687264424
52240677
881436065
826148068
850388472
583674173
444341986
678273877
160960268
934242669
795067205
314601631
189797038
360363016
283182295
30990699
2772107
116674903
174288241
230383171
869764768
816083589
465481046
940113673
781667387
183211920
171073377
475396193
91452632
597347256
249253009
189753257
158252084
277484890
907751043
268179557
243239767
849949596
4543234
650697525
352779669
506832614
186182934
426259243
299792925
727429948
226202533
883105766
837155587
857199326
926114984
955271747
273939826
717263954
195359569
798030294
764048026
385080270
909497374
702518638
647756024
771525688
508590482
290228510
163196379
652242222
550889162
830902037
91585213
956640799
209809837
331536244
124854849
393209280
613795993
61625789
179933452
621887575
767454347
186167506
521568499
729414931
980066626
77425727
401909660
965322363
249650552
363927145
250849524
410707308
315300322
690306697
774653399
766639094
141560251
943784120
976184603
15652563
799067665
932395717
536405330
784702581
315563989
468623701
319821542
547900973
245987962
949228439
902203581
414502905
737953987
461774641
924307725
818208366
528661171
269416949
213943073
69541108
395229880
980806345
991362602
261367936
91555153
839665642
105789145
275178611
858719621
377812336
395024932
449697673
13672916
590546305
525389504
643072147
68821268
848902407
442323181
628423622
33830954
874720935
772398085
793788913
477995166
147228417
483470329
289164409
795732151
185982750
567383733
393468386
630508600
213278280
876224146
749686767
871995487
226722450
973727818
841648832
803052258
278309590
412802405
90538542
366989942
960496304
668812779
981681081
188709511
295393448
595443032
115532716
452182758
675647075
425480855
11223777
702327835
824008790
286064035
17735799
522234573
20198357
489636273
75642004
826256945
753213445
590859580
531797667
373871170
76414500
83191398
137310656
817500323
956695282
80746138
569466633
977685923
851574294
968439666
822157837
228299930
318817788
610366254
955011684
753577510
306067663
602464335
106439109
14525811
992939111
987713752
622706163
639724449
852408530
764329495
685982555
922136103
367943569
780808191
187378295
165300108
6468870
338889215
933026598
466713633
422154482
756557363
676716007
82101612
560365151
15946638
77002350
726552473
739006621
464757323
452790638
314079691
802305964
775681503
279040343
610603875
624871926
893949206
543157815
669594536
15136098
376327403
486694571
400482563
484954283
132127296
658069388
962392139
466943425
172621122
349956971
539270743
776806554
611950799
243387645
832272101
7988343
387444765
809881377
644206174
248449334
255385509
722325575
919826341
821248504
18842371
801378490
728613849
124034938
978317261
56306301
539019409
489982931
312713288
163253622
639783310
972188858
917503403
526913447
269383389
963633478
711049237
594384848
755609953
430014579
944376113
773433920
127228470
627100943
347985921
712336946
487341285
37315593
361609338
889839456
626207007
651582288
867785506
828937023
191396285
204973625
276072012
283167829
688487169
466939486
697982921
583518723
240777849
118842088
884355856
536677564
507089771
803852277
436124966
419040128
809140643
18905256
718965227
803576766
463958714
366259829
419553974
103619770
986659968
300292167
994423468
438276671
271857465
643051424
355984378
66717364
291895016
765328534
698408765
117204246
945764632
454471165
257541659
431453542
784367763
541700675
730390565
846711596
586076184
557387760
391406751
88679753
861614597
524837684
507243031
230842922
445361245
217963274
421783815
486757370
189764156
233281365
218861898
497132210
672370062
881710417
496965849
862792862
344990495
512358670
89816280
941210429
333724710
953439557
586942595
260853058
755838456
887861529
55965616
971811042
338135477
690819347
513077087
251037361
815490215
149898628
843842312
178756510
357378028
87605216
462215426
854356884
31787174
205659414
560029998
453280893
710402826
709619901
242633660
664833618
479989227
551985194
145984442
102770006
674949639
259042038
905049834
192782158
415142932
970807284
931660640
535616085
620632187
715025737
850179621
310492589
523559221
203405075
99902287
554870406
864811903
230866320
754956422
153409997
332305950
907754845
975544279
692782797
361029369
435406404
911262504
468848861
94911119
514612722
401334395
410861757
456516215
56453821
101638960
978615563
329255000
186550489
524495368
96585651
705724842
157454746
102844919
323513753
202027242
882779871
86266840
443129354
526082517
840535943
704249009
581711951
930304484
460495926
859312561
367652869
673097751
218782539
684694369
602709057
259542047
611062737
85055361
809320969
922389074
583677340
179958969
514076248
8923747
991902915
478130867
972277458
34800340
859783855
952427203
538578987
577453194
312863490
144540487
738027018
848304896
356401869
695428765
323627355
469779941
155017209
316118210
65907648
214232959
43657013
687539249
953829529
400362260
488092716
537778178
933931853
306589739
724587624
220092413
628535720
916465168
120055227
600745260
562795260
622449618
498873039
208958551
336895965
937468474
763608025
285930933
574006933
429043192
187790370
946065130
626183125
490630853
613369299
217161413
977835013
63610120
836154123
309241853
53257904
398552037
359912725
32654227
172849796
418530803
307698836
290628042
538328251
804218670
910218848
245281367
554834318
790600788
983665597
845298013
387769649
77192542
550283043
931289473
198657431
171920613
519869928
763293061
700569428
165136614
267666926
629380381
910561560
521418985
194461073
180755683
32573202
65783253
410082779
78477443
906772510
593130300
372755064
102326284
961616609
780857330
496021775
820617509
588702512
986269325
75314007
100930229
45726438
881702879
894628713
709513393
78571142
946858742
33386845
619888411
815719242
886817480
761364749
692259799
188784452
853884613
127276164
182839222
868047020
742928990
760123437
18625539
63592666
106196990
62378639
873728772
354538528
549912759
996307289
597831916
382031470
846650649
987855094
403874051
205293049
44591153
198858128
376736172
317206418
90366825
366038213
699094087
951535782
545791876
908833781
353531032
310179413
422944968
59599530
402333331
771373304
81663744
963625227
699444767
708299589
491315792
531979107
16636265
973314539
540400435
699044831
50935845
127756092
43649469
91978435
533951849
202602821
616966622
251407388
864177811
570727136
700460188
704307801
295799530
396254369
378266613
551110393
974548532
253860516
310384163
934398011
392185451
30510726
688994759
640614196
335542225
303464585
119647398
401682406
452965831
153093453
803660902
939386194
695548616
733037130
277923541
815541951
705170843
741795399
354863355
107825672
366220435
922151199
487884965
117020639
277926717
482889734
39945334
579377184
724812961
632759133
322606450
894249946
184118455
994968203
673924152
626603965
844114441
894355805
484734838
982915983
424367131
587200322
980138201
8768469
72095299
868115988
179985896
24979575
904406576
880941288
711310249
281712686
717142862
823611700
829932667
473313840
984421186
877094346
679125619
896040354
27672159
814309179
859114026
51222494
929586952
230922249
386557498
332855171
254025146
842763778
494281116
436693142
972847963
588264219
484351585
570802885
719139205
41195892
884354059
270331919
706208656
308315837
843662696
752146239
191774232
828399294
444015166
514994958
631546533
999640520
492620660
163448320
657078130
765451835
953546125
79089445
379678247
891065961
186975376
47376602
285050208
180619111
541314278
851054230
672845207
651702468
167002118
157345544
225005919
516673904
397632180
57596264
97645015
650569842
782929846
731694587
447375217
788377709
963327946
575084255
822771808
999425295
339271286
546138790
4401298
864478471
651176795
251954925
802552971
772898254
899168013
238760830
765042274
37247076
432411572
306636878
992789509
843445442
590273452
495806653
291548653
24332733
794843900
244239680
205781733
464095430
925750105
790754687
116825046
302269323
629712783
549401348
539156142
467948786
534981853
458346268
547735222
549153181
251184568
582797233
581209288
979084304
557286705
104183437
810800925
206805182
818507136
850787109
971396924
76814671
906575268
453429878
535444279
156221480
214470063
213574852
151419763
202382498
925460469
766290860
74847767
151140914
465747505
460647911
652647723
196500964
218048224
240772139
93412494
442145094
450075436
914897466
854361597
870805434
466517362
118910656
300348411
835006887
102037766
476046047
629617014
895369697
569395623
452171645
910648169
515474798
310345847
415408079
543822111
990595112
971718949
820059545
752862455
390424966
915104260
99184395
712818396
260088235
381884232
498404792
868738836
412126922
41378590
354520693
195517955
618975460
701002475
32046963
103169680
2070367
573565365
337474128
428093733
231822825
198565874
121694678
607605921
424884507
668629435
487493712
287397112
465274283
577339094
731901180
651412537
455549864
435765593
723502810
841742952
131161873
872922086
50509354
385460374
651230435
631544614
288388716
395050955
151675934
798603238
422987176
603755892
416942658
806307508
701341424
82222358
290262361
545396295
70548645
431904197
567664407
610106358
736573511
897726640
539439206
908904140
961007773
118278522
48130308
460281714
746834406
872678411
888543627
635847548
447372032
373829169
897090456
590144101
778485782
685427334
220585372
909706569
264388156
600555126
486869903
815971377
667334141
936292380
166098689
354347986
770180563
549784142
707399362
696740429
581940162
828758092
927698170
31818619
2184960
532027435
514671740
771971600
184235695
532525883
787172917
954649002
961122676
176292134
170326162
566182714
571372850
662704233
103580313
118904812
817282189
93705062
679202927
572235518
496487868
817019705
162020877
462574943
134539812
6279581
83858417
744035628
877638161
400033227
156938112
881684365
928838304
512176997
88588212
703380732
312198870
950340283
168374872
185255457
699905777
939817312
652701654
916101509
30677956
987668999
899133995
71875434
477438068
472139066
209477677
186876960
568656003
640327981
307409326
375917842
287587404
252924627
606292811
626497537
586646924
257494716
880785142
476302647
821003559
984696272
12900252
66740177
814685562
489108076
426586983
273011086
599198950
658846072
390721678
245189744
722224832
843437073
480321455
662726824
746862142
902176272
112439216
116474093
62033886
430593201
215078278
980961246
38663014
4053537
841873326
849008377
569578589
57661260
769018777
286961692
846223534
235441228
455431764
739933978
985986039
621623828
602743152
597984767
61993095
90597602
615295445
990482839
296234332
450528611
552706333
582101987
443619590
78039487
771638279
540677503
842244172
292001020
497618671
412437120
224631544
661883740
21079669
289172288
527205873
3785202
398519126
35924566
857862758
531047595
864690432
370294047
457097667
678365919
215433885
483999380
63744217
176414682
715997155
481308258
83132920
862374328
306215906
185377478
138709209
388359611
92780881
577993867
47594946
127695130
516821787
253849647
250006302
500771687
568853715
345340671
740626409
493006203
254161692
677112464
528521387
248926929
838075779
476135071
727010754
351654224
693549915
704966174
912042934
118252353
949147826
737987569
672482479
543077675
455053546
654282655
352379460
848241867
34506444
616539430
186098416
823034273
647322821
738090877
492664785
328791369
752138872
88223638
813923959
866574751
337252040
988074089
544451964
595034562
412134205
112328477
474191988
865700882
149089356
113823635
754626800
593517078
977878067
604114121
882568022
344932990
985863666
873227073
752911427
911763856
347635538
747654509
73309871
78561068
938702068
494035152
641019511
408436819
170881996
353875319
339180713
269417364
430533640
279531893
352176609
267034729
973236331
473803025
241439099
478737954
487883371
728834324
855801462
249938935
604259499
874874271
634343496
662530674
58060191
90632509
112236926
626351135
610098702
429623646
512508036
994835629
641800346
947098436
36268002
871693357
737188900
975866374
301802311
494158516
587800124
224175371
245014024
899594532
758824679
498031532
64576774
727402517
7003182
603751521
793161782
364804524
137323992
291152441
531019045
209157017
876669997
823738048
5040019
953649991
233677180
144356321
678641903
824466284
608935244
395687786
680667832
193278807
263287694
822657768
542758274
901877109
762117086
317840662
97692688
832067266
937787993
302644980
212303462
410992673
214078902
839651817
779462593
518697015
415298607
504691570
178679527
34072781
951614634
292228951
774329609
115814474
38704291
891484686
347066379
96302433
411178604
173820304
755020075
756821347
741847316
198545649
166661456
947975852
725679108
506418422
529036833
46817698
526116259
762039371
280118227
553365341
990220292
358598293
862071820
217300281
921665560
610779197
695021462
676944531
826013954
970770529
434461542
75574154
731102893
461972498
542553137
920188250
524470403
346842857
299444646
932819343
228465830
736259808
438866843
581663353
5443629
500698962
776418704
911728312
849232189
217839484
601596232
283161340
819365372
732790974
135204096
953315647
54303689
251803792
615714185
602425135
658903610
354970646
584297838
75381252
217676985
196093281
262896873
787302488
329515003
68952976
363906648
189442287
866584998
979114308
166172676
202575848
418591882
135920077
411029773
191664845
941847669
684355468
767109697
331683466
277425033
437593233
101017686
199186487
115077720
489411028
975295529
364009088
620410902
139720993
476930045
511756947
64633319
886238117
882603102
470961351
382187140
586487557
811570594
895352458
757882248
195467503
123492260
530597337
477167445
289475250
225310544
811181998
979589703
248624200
106226282
947526933
259285804
669205277
83581471
119481261
286110081
392867118
95308546
701638968
58544648
672620659
739059676
669626462
962551212
242860176
777647445
910700833
121564470
831067724
546444351
312285368
817514532
87921836
25551991
59822797
123602607
171570776
73556117
515671179
187101624
568333986
431495932
942030713
581633647
478936195
678463612
87445750
624932150
852761108
184397390
219528384
444319165
151879429
301699691
223179120
800712429
44827659
50337445
509735011
271402926
400800156
967564764
490823470
394783578
581949047
45502623
92237938
718489682
749931455
669454157
926838730
988509423
675485154
551039663
928461048
970926918
851100331
931364155
609625048
695165254
943459026
512415349
233932835
330378528
517314297
486938344
439788260
184954307
92987766
533639233
896722767
150766886
217803802
95699357
783763720
839498001
516332176
293668624
32339154
933180242
829491695
811120724
152161674
135023753
330534406
345070753
996946329
385458341
702894055
952037123
526934520
979841805
378407468
636465334
166931260
818524729
523587946
325422081
989928893
873523637
899903803
46208902
996775091
884209137
199407335
800424447
452960110
423441721
661700318
447369625
646579532
837857488
413633478
722051144
921825285
629255569
943987525
513064387
781465102
844409810
322514420
948682040
118337945
100282766
584256459
794322731
123946207
529322536
347814861
405789136
654819463
398056761
803872338
604946958
855511
200469674
945706900
956703854
50550149
511627092
626499174
87242311
510016007
904613493
123768346
180466190
478758718
535457154
149034674
56567781
706947663
233280570
145394422
341524479
113930792
479852611
223381307
182209912
204052047
328876416
263814541
263031071
198715792
247131124
385364699
538412680
97496366
486762569
84541292
71363979
628644711
643154756
639351033
670557356
134690312
315668175
543909124
781609527
470306311
403876096
765075826
631307741
90364789
686635225
280959539
775674938
935884518
215889871
572762530
128859539
448221232
110422788
860979444
637924696
708664229
505132419
701897320
961053253
98117164
804218383
753588992
369508102
341309840
232650796
637235487
188968324
61498638
68539991
287994032
908839645
507433222
544007215
72123778
556587871
307752302
984192190
970258033
36153046
728407223
236272693
518269472
534717867
546258784
326525828
613219848
222290854
656550159
6105313
818453337
249235615
745223279
887087166
176926564
236224621
100272232
338121061
471734101
554852548
274428676
322681346
790542614
214477871
716727775
863198708
474054207
247306603
839128112
207860959
762704836
409570360
392552361
897182742
243112483
927924611
175744683
857886191
666154919
864297364
855026700
976850169
490624744
893813174
627231883
31474008
566334460
305858654
20357259
922181551
681786564
757538376
620142642
967865351
241005856
300929237
714271399
585187954
141659140
165099466
142540820
382765973
339138447
328116427
127763567
58107809
350449418
553150855
878577467
379558933
912887413
260780932
778974931
416551750
577269986
142805880
870433045
997735094
820313473
162108540
385181631
753474979
466763484
425444786
9599047
93750569
458835265
626471593
27148550
281432874
456617941
872815515
988525242
721953029
638670202
152925705
69804759
383023911
545807692
745536857
952081334
153722529
447566313
337929241
861666040
505400215
765388177
495853220
88844384
488115201
462194783
10711395
911051720
858839726
854807952
44792233
98995450
746306780
217368646
300717804
503799417
838960652
952776845
429165456
896268217
119863353
493628065
965217269
32800039
72497269
832882354
840385110
940061907
937418942
864585353
556191195
732806055
139616338
813782641
541889105
393560965
73661543
796301314
224429050
221319027
978646099
758317310
555097449
659397563
648929922
409197241
92692737
451989682
45055252
414076540
344034572
793553647
129986042
19795726
585523091
816986225
827919861
67489720
901776941
377069001
781496125
697206083
626759977
244493947
491195859
273456572
299554346
604241950
150870435
879805893
904939582
459838056
901343768
959348467
86625316
143868083
928558568
570123933
476628555
608486747
568716243
876006912
687354984
683124237
702317981
70306532
159625763
744058498
774467300
847422253
596011549
622924525
165948712
286784660
446936324
946612597
336168730
937372151
578775663
500770344
64910964
544062684
921608584
981650565
697402189
698929056
417438957
644056534
8530077
758516498
474863843
643195049
416411041
14847870
528934150
807169317
549707668
980272845
360046362
533038827
300255868
734780312
943014310
945816890
425565470
705525830
572089799
750429493
155244453
448135700
639046381
41689209
561070335
981271560
907307073
721035824
352511510
222255411
741903293
224333004
470393211
222579067
493854829
70484671
694290252
731014041
940986558
976496782
811893545
465835047
171813939
500369345
179284197
456411600
833071721
400266857
430116617
929229143
222700577
777632177
672685257
490169676
761060486
709562641
932305147
833255962
227723914
400463807
357577780
907718256
148769732
16170519
608839117
880016387
200091192
454214714
157158265
655278239
745669416
828820408
516139787
582297279
825539415
450588446
513798840
808348724
919019961
612236809
173967418
522821133
665166993
308190600
342005773
574881786
518204633
734530160
272709640
603710126
571583450
667378212
397360766
156108983
542071743
259718375
297554278
610919953
997700534
80873067
773076905
911361832
628572740
395329551
658456907
639073181
462588025
419506787
286269779
659450147
708586624
305188820
202072339
472399451
346255932
308729476
200383240
427599672
699552636
437840473
947173631
173841304
164987366
321999240
646566809
150761553
25702113
706144170
716783654
318116371
316904388
909723140
221188438
409359852
492192840
406596025
543083155
986475141
842675219
235333393
119790754
712256447
210608499
83053614
517026886
71746196
145172842
866601814
391985594
224389114
183655007
445566957
227944466
280395643
522686485
683203884
571199317
297028790
49722376
325426239
109134733
120694013
165081374
739839754
580093414
408719315
909050560
662893725
970533123
803740685
107358548
920959747
127123169
933412265
858438185
339787344
213810599
353254557
600787727
495701058
677072280
168319060
430253232
536139115
721872984
865667661
365855848
4476483
979007175
316558628
922006430
357448410
993888728
593415132
211338373
314007996
309071152
905851866
605953011
308968442
380757602
286496255
202125579
576071713
118083701
603870470
776207396
179539147
182574551
820527662
251363854
715969282
152508626
143626794
92632032
813671698
997701282
503547570
391227758
238152462
949039843
338322239
580596308
980375357
114483510
516294980
456955071
125917325
641867324
272655838
531608674
131640973
811687095
950456322
24132400
756063342
861030132
92657450
67303876
727481017
750422943
421040964
968065125
974873401
656681858
135766276
676453034
312771527
661205791
743876980
116288286
422478017
224507621
308766474
460743383
481250973
836561831
191049791
408390600
548792784
743093370
933983684
240055863
651443764
445060868
463847560
756478320
214119387
251625907
812929655
871382565
961492507
764181626
367458093
435875684
480701801
557657189
727979893
455036361
656554991
270331868
722451745
335237469
5026416
250342998
317496603
84251440
401631577
674701865
277237079
386745611
807128110
31617857
131673151
579014831
756813084
123506017
52351581
319156337
818047610
333542214
489160044
17483649
411347238
903824097
545427014
361242864
761003887
678468582
181756953
502256140
490813834
98305575
77439127
901314182
924924367
843266036
335077452
837945857
611448231
921002652
193640749
185643023
400582515
607720126
581525018
334230862
263747277
881175013
399233981
554786765
886938719
412562479
30074817
596838873
367946004
275916017
988838039
907470179
465453732
539164798
266655460
604347659
648494742
459755512
940118083
427053655
619693414
345546145
801086236
798515340
660699800
392433256
46906123
26713640
727438220
591226254
533594908
874218163
640245241
993354654
726636163
330895329
299996245
56543405
116183306
194498889
121143600
500763958
920559011
108506799
974497493
992171500
698901879
198380181
89615339
856776682
133199952
687634950
761731096
599430648
942808895
817215079
878688280
2062774
402921469
482290603
796175671
77488850
774304308
487380054
514240777
553435893
910819013
3232259
684799684
183655750
730423835
466102677
925676008
896925662
769569731
734840163
177003754
721980512
37688116
331360987
702464869
407697120
825420317
423531881
753611285
98663242
740672625
52594893
940208066
774246306
292447162
46312383
124090951
151316168
95296977
32884638
909743779
222874649
453554365
39008538
329890337
395417993
157151925
755441701
384921697
514349484
238599522
740505771
575338255
105504881
746225644
632628921
784337764
415096255
739531505
979957103
419166927
489116416
66144113
2852385
404177619
832469227
690492288
312563334
391703266
892446273
807883661
60749357
452878234
573890111
873746888
207216630
210955966
307017119
266843460
444336406
427040738
409481398
599655441
915097754
5984891
990545144
216594937
228311841
854709210
903810929
236103851
141435256
766202093
596420651
267808741
398545288
340892098
772558133
891121981
827315266
910732320
39285904
841996900
464760045
36256851
867022954
39101256
474911656
673119216
289671257
62881568
971745487
39075424
679059235
186449414
443600795
649717872
482497416
342001926
354584115
178435885
457897167
887065827
14910064
816245214
391419420
689389899
682317507
29335269
881566964
498208517
207284432
17191276
955422638
470168234
531379075
927980385
43911122
538752349
929020785
201371778
751660342
839493884
117970292
82846396
999633959
169186707
791325082
297198745
210928164
285363710
310446002
233611739
158960580
967142043
157324408
902642180
911374730
46517158
86657151
660294881
537446518
462857563
923850125
101122198
652257069
958896839
273215342
769066876
700352409
962615199
978330976
709429513
555213070
441065484
504885474
415211415
71781187
761765614
176936733
161499422
980589349
931463548
99394640
160558918
824263354
198791154
966489953
13554666
505911984
281510430
56799957
609167160
539518851
221547267
4084412
93799135
785363205
442159989
429342093
335994292
364366731
656123636
537153182
301045276
392222155
795217557
310917340
373529600
631862342
628027957
504470484
588620312
539460951
748597331
260202913
13070027
691433615
727758638
89472908
310860784
967829485
917916579
705677896
784417697
275180805
429286947
918812083
484237640
272204303
221781362
713580826
901844046
50264870
418143312
676313629
58382446
727788782
468599625
511159590
554381087
944205386
629369393
347960744
200407827
612749883
488665102
673224287
268776245
99864404
409844146
68368043
6621884
27279808
107081772
807093784
91390294
571254541
647775063
358150656
62254859
107199718
251137704
342499762
344693969
641005389
965480062
201909021
866174384
984731001
988136223
875534273
50647884
158080992
352868896
839298931
285353024
552658154
398219666
391594302
87773563
673782107
659064605
728235529
411807840
409526763
284511223
366648592
754693197
7090002
304782199
463083621
367138918
415207257
286486834
635749899
821886328
679201762
440389265
909976400
239727647
136207282
803612108
857815739
185603077
732024599
720648402
205361322
630012568
936143117
8528337
422159521
127090120
402578909
855692457
879121519
992161505
858071701
925728551
301438301
659292238
235468157
194534899
87993777
418021116
908650295
818163715
429346340
606300857
129946548
629646837
491928957
338584900
409371095
143486452
447527343
190208671
147803841
468035192
968122683
306006371
464474665
495613068
120348042
436741033
881949775
699144333
494127574
402421179
476134415
231456821
902563023
93134801
898804750
881006002
174364674
490223026
391030355
62.00s