277
26571 16444
15645 18382
10225 14933
4207 13628
9397 799
19990 13439
32134 30487
28708 26796
21818 18833
18741 21569
30046 27316
25181 3923
15307 3782
30047 10473
1658 15018
22304 14243
4506 31142
26203 23967
31711 8298
21141 17308
25884 16718
20308 20320
23316 13788
1932 6488
2190 24974
25946 25983
23207 4568
500 9088
4204 8041
20961 14879
26792 13487
24933 8661
25083 23961
13632 4794
16684 17568
9112 18857
20928 16648
14643 10398
5324 6755
32489 13922
20999 9560
13145 16747
16163 7586
19676 10749
12638 24923
22455 6038
3412 29051
1173 7561
26903 23452
31540 4841
5249 28928
17758 8616
31689 28372
26139 20736
6229 31670
28965 3858
25551 7798
13980 32206
379 4633
22267 1810
4552 6948
21323 31766
25637 16919
28054 17415
31509 5943
28063 24050
5766 25488
7632 14820
14431 27451
5236 11600
22360 9437
7462 1712
13326 2672
22153 1135
1111 26438
22586 13063
26834 18250
29955 30311
24771 27530
27986 17047
12318 26610
9705 18334
27618 20058
14038 5284
8360 2756
26278 30292
18300 21726
26070 5252
31979 23247
24202 4888
11869 2351
11393 14883
12710 5207
20809 26960
31447 9948
30895 23169
25690 22870
8570 30645
15678 22374
15961 18479
4559 22007
25369 14549
25194 16067
21019 17366
15503 13593
32262 15247
27192 22494
21433 15536
11113 25811
24708 2970
11785 8469
10391 24844
14320 10986
16826 27135
14145 6330
1599 32462
11514 2396
29749 21914
9673 2452
3295 13293
13602 29401
18533 25501
9870 10075
29128 28404
22854 20292
32539 26637
31232 31550
14833 16257
3849 20534
19474 28228
2708 8288
1138 30409
22354 5500
26723 365
4930 20567
25865 6162
27851 8596
13582 17674
22024 16300
20120 6456
611 7732
28024 23921
25189 19039
3493 29480
4556 28867
27112 10315
27614 28768
21208 616
14846 7902
29193 17684
12413 8726
19841 14221
11698 724
8043 28062
28493 23771
22032 6083
12776 20522
20482 7822
28383 6014
10394 3401
11362 26648
10405 4061
5064 32448
12123 2035
16934 32266
10129 32088
1825 472
23855 28070
1536 3104
18147 16161
27910 12016
6167 23263
14078 6063
12065 12844
11031 24485
13242 13100
3826 17854
31154 28866
16122 13706
31714 433
8436 16265
865 23297
9430 26278
20219 10661
18397 26369
20190 28506
19930 23025
18583 26322
9421 23370
30525 29458
9908 5083
31724 7705
11685 19771
12917 27330
11803 29382
15956 32235
19342 9186
25571 25303
6982 15239
461 28369
2416 28926
16068 2066
5234 30184
16247 21477
21116 13699
30910 4105
30047 6441
29208 6999
16547 30233
3160 29092
9683 2170
8347 7913
31516 8093
2941 28066
23 24451
30861 21619
9442 15263
510 26385
18293 3804
30879 20064
23347 29922
26637 3033
11968 18581
11046 3119
17427 27615
9410 19762
28364 15536
28830 6899
11463 23363
8345 10281
27889 9634
23075 1491
14426 3180
26610 15903
29068 9430
5110 5771
7708 7152
23952 15690
28286 28458
24575 26089
30749 3606
32027 6450
21931 18799
8261 15441
8630 13147
11678 4917
32637 21741
29047 16953
9729 23790
9225 4868
8543 11229
21862 173
15964 24884
21936 20259
21570 19949
28041 12749
24811 28741
31434 17773
11035 23744
17784 24906
24339 14445
8436 910
22882 10347
11633 23789
5119 23212
19883 16263
27029 3065
9431 29968
8990 12086
12501 16430
947 6632
21677 3362
18082 23028
26425 5547
17346 6313
6687 31783
11779 12033
