5000
9580047 9958067
6384180 3233133
2413806 6035489
2007214 2075569
7714367 6025636
3161341 7366782
9309849 6618897
2319433 3982095
8604044 6313191
6018994 1465282
3574987 5288262
6517175 6469518
9080529 2833121
5556662 8322589
1473664 3583323
9108111 7695016
6690454 8128800
6054079 1380203
8931278 7078100
2176479 4549956
3912175 1481753
2367878 9435486
433400 7910084
8762580 5231283
8594361 9978557
5297335 6749409
7440984 7865444
2458974 2543148
602958 4100618
7665964 7900577
9199398 1523648
9119822 3742970
4838126 2542261
366608 2682354
3163506 4482619
6885574 7651050
9134387 2580920
2316990 9726388
6404029 3104746
2407605 6423140
4525058 6641404
789786 9903941
5600616 1590713
2046790 3608345
9266377 3577070
2739369 4856019
3210750 1528404
566872 8361436
7619675 8126323
7003836 6343033
5707705 3581262
5605862 6291968
7751704 90967
3945595 8771709
8134806 5130745
7153734 7555170
8868516 9721587
7622420 6716205
9694884 6497667
4391451 80721
9501603 6958481
3247883 127544
6749416 8410509
3828409 9868008
255916 944246
1300049 1442100
2633660 815592
6646742 280649
769728 3260860
1690244 6559952
330902 746538
5759321 9019649
3703119 539448
5670275 33889
5291936 3555776
2510449 3647285
3566383 2421338
4385377 7793451
2063883 1073172
5479985 3771481
7749162 3454062
6372825 1573659
8926942 6172274
6408772 3919633
1075095 8985659
6231520 6785209
1805155 9605597
1439580 7631114
9923554 21665
2691545 1880950
1960491 5087009
3065985 8486140
4375502 2007918
3877990 3627585
9141184 3974293
1369125 8756195
9431273 9169043
8830206 2616203
9307532 7880900
1155531 445388
7808112 9884126
9315645 191953
6111693 6112574
4205326 2641040
3893618 1635947
2794884 2030583
3817162 9701982
8676809 756242
2403268 1016693
5126176 672157
313438 8681039
8206267 9660111
5895096 2888204
1514142 7078303
6948662 1020438
8821659 5795459
6549972 5164244
2464510 935191
2080210 1574148
2890091 9743972
3089206 3941810
9026118 8163752
8842132 1096647
7143442 5091707
4819800 3912167
429438 9567599
9520530 4390512
278144 4279012
7577499 9957603
6431308 8300204
4898363 4293152
8049627 2210289
521491 7365388
7262719 2876567
9795579 8128908
8561595 3226188
3940507 2111874
8437582 6222625
9503898 6298011
6757485 7222584
4525763 7846492
8512412 8310075
6020024 1131794
3869497 7755703
9275835 1168718
9532935 6664492
4658467 4716389
2866513 3459355
4189464 5035319
2491532 1430798
2377359 4968459
7337250 5190638
8219780 1490726
3803308 6770039
2191767 1032892
6453432 1950976
3092280 5006267
4243918 2306018
7994951 1069878
7136244 1470566
9856672 1356350
4159333 8906209
2026876 8853930
1666560 4172939
8674243 3039657
9309637 4695511
4015955 4853894
8174612 3063462
8999382 6000664
3384331 1006406
7700716 7997180
5906069 8439720
1990512 4317538
6230356 189779
7323335 6097364
5250023 6816335
2495597 3433267
9694953 8802583
8391047 5362591
9087285 2580720
2536286 5689218
3652443 1508182
4617362 4220440
205713 7985170
667105 1465082
5408777 42704
5052565 687380
5096906 6568374
4785219 5828095
746427 372626
6248742 4807947
1920612 4288702
4207227 7913788
6892595 4887336
7991407 8518152
5094626 657739
3999830 5794637
7759040 732115
6975390 3690148
3679773 8240732
6260524 4044861
3631633 3718723
882209 5437820
3817089 1508592
7567628 9003783
1743741 6559260
838665 6740189
1503077 4275221
6827938 9854975
621603 4539946
9165114 3475101
5985752 7636986
1458682 9556087
7392513 5624671
1027107 7595589
1686072 3696816
303607 8381325
9291771 2757862
1004304 2189131
3021721 6454370
6673979 3027442
6750947 2250244
1736195 2349844
5330541 3638746
7371980 7793090
7114301 1177893
5819176 8051621
6847351 6010028
5815195 1544025
6170810 4633865
7679938 8364916
7412878 3576612
1020820 1316977
5700592 1836797
4481712 2912027
3740130 1619614
1809329 3298851
1150098 1347166
1883262 8768009
7269064 373521
8351084 8357974
4038821 6545623
8826406 8868754
5381388 3942717
3912652 1817688
950516 7114414
7619195 734093
9067700 2510782
6805064 9330143
5675714 1756817
8834086 1481442
2632524 8963890
3841282 6926708
2258664 784211
271402 8855092
5497566 5937420
1391088 7913947
7463864 9437082
6763428 4174322
2109545 8826766
636995 6656351
6774213 4616692
3875597 601640
1300732 8431177
2034598 8680769
7765238 6632205
8462413 1627097
7781875 9578810
9253769 1550079
2148618 9239586
9881896 5654273
5854231 960701
2899685 707264
4656892 388013
8593265 435974
137639 7932282
5404344 6529861
187703 6146525
3925161 6457661
2207408 5356970
5800008 6150088
9969272 1990274
4781799 4581720
5490699 6243208
7388183 45581
9626781 129727
7894748 991535
9659871 3815015
7123382 3602371
8616686 8684533
9354425 7380633
7219811 9196289
3398696 1231361
7612096 3309625
8636210 78211
7559846 5881884
6782402 5802192
2750401 2651970
6305220 1049910
4886264 7111614
335083 9306554
6447560 9395722
51333 4516536
1582594 241371
4836004 4580158
3943019 4329961
4509338 7594037
1828296 8857216
4830403 8997340
2471242 93002
220973 377132
2520116 4871303
2786517 6241936
774263 7458331
3316037 3787209
3888282 5599144
4166158 2932253
2661094 7171008
7753399 4108570
7343860 5301144
8428894 7991106
3286313 907733
1367970 9020212
7364157 9760001
8792800 5652051
799296 3267250
6138826 8406918
8417485 9822703
334153 3265394
65844 5689893
2398662 6681143
7171105 4788620
3689680 5183188
1559021 8502580
9192556 8598554
2264809 1707146
1341589 2133795
2435006 3871010
1765521 5607628
3563312 9011151
5885836 1590123
7704854 9470741
4372344 5036169
62676 4140061
7515553 9366448
5049686 1341770
6361806 4866281
3815769 2945676
5110600 7559853
4409556 6347339
9888713 6309832
9442841 9653429
329048 9110161
3669712 5329086
9447768 3280043
800532 6660819
7918890 6059031
5806407 2084697
4920911 3511855
5856667 4567172
1800782 6484667
3099959 8564948
2101818 8370631
3755910 8144563
5610870 705637
9828139 8407040
947669 8075443
3950181 8135794
2908236 4866179
75269 7185103
8425502 8227249
2893984 6027423
3302483 1238405
267245 7205532
2500628 2044187
2187501 5439061
9596927 8789163
5807125 1966863
8798697 9718041
7565785 7516134
9657764 3356840
170118 6303675
1895630 1391241
9858735 6723632
2470573 9500402
866091 9525633
1040356 7602604
1209102 2475198
6863567 2863255
9290491 7006610
3251671 334044
6650974 8244203
4304089 6158376
1230026 8860345
7707988 1241862
6649212 9983947
9075047 4157785
4134001 1145096
1974712 7426936
8161092 2937803
4975922 1004727
3084872 4293427
9655250 5704926
6669153 8173497
1166605 347419
8861033 8062645
3938743 8312627
2711406 6023266
4728147 465905
5568333 8721968
2439790 9043960
6681821 5460741
6558554 3885982
1017568 9755056
3620284 1726105
9922197 1268916
3939484 5265640
3025895 2269069
8837919 6348769
6504069 7292986
4790701 7584906
4503491 7304571
7994945 3460736
3970901 5545894
6985702 1922916
3720410 9369671
6477104 1085425
646618 3799413
1750398 3019573
4885031 8876514
6221490 2793124
1245109 4556622
3761518 2147689
3040952 8944323
7063164 6505839
2853726 2943911
3602424 133567
2151262 843087
7867049 9407683
9033583 4325444
8309158 140759
7143845 9357139
6044182 129538
3862401 5706493
4747906 4160067
6700830 5001442
8700141 2361296
9148943 1667189
4404913 7039260
5335871 9950966
5892072 2253825
2088041 3966096
8599134 3445892
8434696 4382030
5001422 9580667
8796912 3886043
8997786 4397807
2419786 1573911
4815151 3243266
6044885 8095120
5240028 9715024
1347885 3900285
315182 7262551
717133 440614
4763356 226899
9019128 1255977
6341720 7031342
8077356 8376188
5016926 2889731
6003510 4200783
4854272 3986874
1434692 7166575
4480670 792196
1888721 9265343
1506172 3350347
4406653 2674214
6968708 6075868
9793913 6397590
6960772 6235831
8491990 4656740
3255820 4797444
5918263 7394248
3757672 4077848
4510528 4245119
6955785 3853513
5774400 1708054
1312932 3399370
2984556 4425892
7779132 3292713
7862194 4251407
8235640 5788883
8078103 6807888
1256735 1770871
9774420 3700745
7906016 8012053
1189301 5087851
2556404 8855301
2464228 9159216
9209703 9236253
241401 8151137
7971118 9585494
1868251 7521775
3922274 1601076
882246 7412335
4596977 2693624
4125729 4774160
3710020 6645556
1158118 1211149
7312885 4896960
5912376 1144263
1667005 2293249
6372644 6440080
9799226 5669502
1449047 6387740
5182709 9085590
8884948 9052039
2302566 7684202
7625201 5969791
904337 5717368
4948227 2964396
9890052 739383
8159866 3276405
6653535 1565188
8406666 8298741
8714381 1865960
7522799 8907703
5759328 7061955
9986706 192658
306283 8322921
3611869 4324616
1039343 5666867
6209727 8732572
4321193 2860437
7078644 4857289
4395606 972317
1920860 7867757
2286811 2985915
5219702 1227443
4293334 4388379
9692259 1647173
3608368 2698151
5991223 3283077
2892737 9086026
1062559 4070021
5047169 764732
8861208 5909480
8941117 1584716
3132784 4595028
7958618 2358878
3434198 7216529
793256 2526789
638439 1694632
7028190 4756948
2173119 7226100
9566512 4306483
6338773 423984
3757786 1286021
6514102 8965233
7442519 1475064
3407983 171493
6433756 2073701
4439017 3110253
9552278 2484812
9449265 9142763
6515406 9506074
7448829 3863988
6693512 1861446
2995542 6659016
4902826 9304382
7573482 1985182
2286110 5767015
8162204 3213446
5714269 5687754
5742594 5743000
8135127 303355
4701055 1031383
1281467 5510858
4476789 7991418
4830927 4660981
1261020 9195990
6204944 995673
3473088 338681
6893114 3256337
2295688 6960066
3796243 7748816
3801876 7897933
9599060 9820606
8051340 7692876
9421588 256097
4382518 8797853
5936448 213076
8871933 2401782
8404871 6374696
3699734 7206484
4017496 8009481
1285340 6111697
4574609 1919355
4204995 530460
165437 8789974
7189868 9341980
4784732 5653695
4382403 1305107
5437057 4023713
2322798 1693704
136693 4765243
6122738 2616573
7678691 8044291
4426178 7088951
9128184 9686374
6889454 7369062
7632655 824933
1128005 3050942
484424 1000320
9358497 4840278
9915153 4170165
2069516 3420957
4015162 7610140
7710073 7753690
7770362 7540832
3925400 7699981
7795385 2848792
2997121 1618603
8683523 7701995
6729886 5561189
6397837 4594858
8700664 8923796
8535227 8197185
8999462 4659719
1280002 1383263
735244 8188442
9420483 5499937
7180935 6096606
4775672 6778484
8255233 581509
6520030 8221986
4901563 326152
8070827 6253416
8523997 1031415
4265529 3759150
4006634 5785260
2500166 1973682
1037607 266170
8279578 9099252
8032673 9021071
8638794 1625154
5571883 7915880
6075135 4466828
2211373 357277
1997139 2676522
5855462 4512065
2373830 2728849
4729404 5116083
5861239 4894107
5704113 4227261
8380717 151566
8716308 2961136
6207884 2923147
3970005 9354581
6090897 138324
1786945 5516255
8185133 9940719
6865410 5353217
3938388 668368
3023546 2190469
7401886 1408397
581670 1449169
3627077 2773155
7055137 5268921
6342839 2369008
3805665 1059582
8681130 7954296
451966 8232346
2185927 6320821
5107709 5654088
5923791 3742263
4393122 7127861
4238923 5720591
7340733 3034844
504611 1965938
650002 1119738
9921750 512160
9008120 1068193
9109188 1192181
5239252 7570818
1287985 481705
2867534 9978241
3039188 6301796
927982 7375933
2119998 9137044
1413747 1493407
4888925 7213834
5120824 7860147
6599739 9035073
5690545 5401949
9947836 3829229
6164269 2031361
5594523 8155812
5333352 29878
5244087 5711263
5628859 9873043
4499605 2361240
7476642 9693890
3582440 1883129
1531358 2294845
472118 3780216
5931871 1111963
1584590 515989
9432072 5810457
9417782 6775475
5593660 1372996
4679466 4184783
2036487 9058297
3977180 3711877
3354066 8810522
5779805 2322921
7458140 3536607
1424464 5483238
3594286 3486918
4941718 456037
1147157 2023639
7240859 4915436
5362385 6273735
65627 4592492
1986304 4121865
3650659 963275
7130235 4362698
9159853 9844942
830077 6579902
1506449 1498339
4258438 7277140
9366535 7101243
6457958 5966175
8943514 9634523
6824486 992312
3567277 8001818
288714 3233590
9725195 5660473
77053 71303
8399675 5180566
5575681 9489681
7574715 2021934
9590658 8253998
9895606 4796032
6049181 9198985
1827376 226482
5494804 6453093
8107952 1910572
4685553 7126545
2586538 9979934
8218919 4525180
8182606 4563761
9355879 5619518
6108329 8301239
7749279 6308104
9270915 5609372
181759 1931989
6290557 2585832
4196082 9578909
3829433 8063159
5717748 148525
7958514 6083841
5574480 5577631
9103185 340629
3518244 797403
1303188 3655784
1046583 2240235
1768321 9973062
4599879 877443
2135103 9015214
8453587 5809541
3665011 9458822
8032743 2624427
816454 495249
5811325 2882261
6028885 1548683
3057563 9076898
8206922 7982121
3063711 111949
4120865 5108942
4615285 6417361
3334178 3795706
5970180 7545004
3352425 1760153
7482590 1550454
123438 1048454
7181665 1439970
2217338 1392256
6601703 5103153
4655802 6284209
2895109 5608912
1847479 1672682
3520060 4052320
7689358 271454
658887 4202931
7746629 8752911
768623 656657
7847109 2047810
7257568 3293091
4249382 139354
1328784 4155155
8563565 2176494
5156586 5962412
43141 7272474
9125469 9314459
8471112 3910139
9650356 1196646
201430 2025994
1364813 3664608
4886518 9269832
9634661 2305950
3752748 1803280
819174 5330229
5653880 950656
2909189 1947096
147521 7763096
7465237 2385156
3848965 4914151
6929972 1330289
6474247 9551664
2889235 5461955
2920592 7469736
137416 1632810
9099819 1466149
7290028 6597645
3494095 7292451
3647502 5200625
2599191 7141636
8387723 365232
4294929 9978698
1082909 1379968
2289410 9618668
8830917 1457127
2700729 3601221
1006961 3865424
9110361 1953213
8345819 8416847
7056144 2729620
5907184 3610676
6186345 9877373
7132423 647704
8412809 8160254
8628520 6332072
6619274 7269157
609900 6566283
6877564 7526303
6475150 8510990
918532 5785006
5161948 5678735
4555494 2180944
1710815 206826
1459250 7057730
3816584 1231066
5269053 30415
6192220 5958304
9288273 9166755
1202161 5002184
7671739 8716319
501249 9797312
2885884 8473289
4272846 4357297
1226546 5181234
9025279 6221879
8105708 712242
9355471 5085256
4078547 2806096
2718944 7292605
9557511 1934627
3667574 9777609
5486442 3024341
9767863 129174
2895999 6917386
8198961 577901
480218 883276
572627 9461808
2524490 1220601
3428493 9486182
8789143 9220136
3114892 708982
7896225 3342047
6785528 1632975
536089 5964541
1437530 2046716
5120696 1351356
9210140 1602339
434913 9476133
5617831 8020083
2960834 1641900
8214753 1498451
7187013 6271414
4870496 9884676
6158659 7938428
8731602 7369558
9922978 2767745
1225857 9340995
2861468 1492659
7148376 1696599
7749680 1347534
7126223 9138051
8572004 4541705
395796 6231012
6161450 9210241
2066295 1502555
4274299 2633275
5311476 5270787
1564913 1364284
1885123 8776045
3702896 4940276
5580967 6874838
4616540 8553548
7415054 9088082
9460573 7708184
5390176 1991389
1291443 2818484
2429482 6495767
8342843 3746309
7989745 7350040
8222558 7955511
6829131 7608936
9580165 5888664
6752262 9280684
2134313 9961776
8701903 9529514
9970924 8348383
5603906 9789677
7312104 9076295
9950243 6429852
2702607 5900607
7315062 2233591
3109715 475423
2121151 8952823
3206451 3985505
5087119 3482564
2478617 3232244
7749700 1751312
1521201 8844803
1998683 9893582
9295338 7684940
3315926 1522327
7182056 2190810
1611953 4135664
6027959 2946972
4124844 6994720
7632611 6323768
99156 5401627
3382431 4161711
344906 1883656
1631721 1513113
1815362 7626451
2970286 2517719
8389360 6867846
3245662 3353500
9805343 968310
2065668 8363293
13995 7854928
3001272 8977213
9221666 5025590
2463280 518076
9444101 2867890
9335248 9155187
9433233 434773
3960412 5225607
3073963 6837408
817976 3477413
7081702 8966618
6529885 9679414
3631180 7494503
434145 9014531
9215882 7843291
8776966 6098019
2540910 5090910
9781307 4409288
7874423 2299807
470040 6546051
6553087 5577823
868362 6629631
4013992 9250279
1768957 3977593
5649534 9579533
1690841 1705501
3620980 5023771
3051976 9656963
6497260 1637018
3912918 1155107
1628181 3265473
6720096 1993554
449131 2804072
3133234 8904475
9043122 4475463
4182339 3410457
1965172 368682
62143 2073745
635359 1304399
1009963 1679835
3912259 9134039
9920803 1328248
114082 3950248
7678301 148543
7465765 8494915
7730688 947929
6099554 3571177
7233908 6179530
4361222 8248523
8367512 5441037
3494510 6626555
9927472 9441750
2271561 7924815
2779021 4356961
7647697 7950565
3318877 8089286
4456494 6196624
4844028 1936048
5175981 2724725
2885884 6439050
2280381 9188926
1765032 431941
3568654 667390
1567679 7990082
4099224 3948062
9400118 6825831
3822135 1906318
1712752 8700993
7695075 4197151
5000828 97787
8916782 9101095
6721232 6640906
4191899 6293910
6319428 4950203
3987386 9690352
2191426 3793812
7193909 9712448
3830341 8224307
1759106 9465636
1152972 4756947
6857059 6772773
5356771 2295945
6365389 4161852
2905354 1393123
7565384 4795121
8598757 9968135
8368250 9078155
7025724 8565894
1099682 9141600
6286145 3290066
5104863 2858675
2344394 1023213
7489894 162228
236616 4023723
1579400 8479327
2285229 2249334
2289816 9376072
3466492 1848211
9078888 7291038
1733551 8141716
9026258 341753
1682140 1381465
1023981 8593712
3269176 9629164
3462432 3142171
8614840 4213644
5093842 3854962
9388862 3643444
6549423 1019582
9342736 2726308
57054 1809308
6580030 5311852
8984900 9151400
550169 3008633
9604860 114595
506 2620156
5582583 9939383
3439596 2208696
2234699 6896851
5578141 8845710
8871379 4744390
9507652 3249671
3673789 9283815
4074851 2714138
9302335 1603475
5814746 1785367
6786042 951166
8695864 1918728
7666945 2446352
4088761 7405578
7213381 5505151
4105136 6982215
9971449 4330552
1862401 9428473
6747008 7974407
3087102 3712417
1063200 1514853
3957150 928905
8575002 7556440
1274591 7398187
6188876 3287418
388185 3584284
2995618 6599362
3911731 4596637
8496552 7164084
3798424 4633211
5145511 1326794
9931736 2944700
2526727 9347887
4114665 7195092
5436788 3059976
2230136 9343589
4983124 4549496
8200713 8890476
1024020 4200824
4153450 5935719
3575521 5640519
6195370 2085903
3736761 9344927
6020170 3112046
3284886 8533109
9280939 8199649
9717370 1176657
6701603 8818340
3113805 7526137
1181217 2623605
1477051 3932042
2551259 2611238
1224670 6266756
1300211 9263446
2565894 6549592
7308707 3747934
1396090 1857979
7945513 7371856
2758823 4559025
1089574 6292748
1994614 3603946
4584554 1052313
7960703 7461615
4591537 8254823
1790030 5180977
4386204 9384627
9814334 6556794
7155750 4937395
8383561 1043380
146048 7668703
1517986 976335
765079 5638431
3182230 8112833
3166957 687618
5108895 7660156
4364142 3056087
1768511 3988335
7816924 7354318
3595780 8859017
9401293 7042525
8202880 1352991
7256968 358660
8872295 8786511
8142417 3379334
8954067 7638653
58761 2349521
6395823 9552221
7919182 245196
8628307 2021033
7714087 4390443
161763 3449869
8509407 2736671
9687007 104797
1269698 3606275
8733783 6887290
5615356 6898606
5187450 5500663
5201181 7461326
6912667 82077
288841 4667269
8199635 5429681
715290 504898
5400241 1924830
8382271 97675
8322640 9110476
8921454 336449
9637150 7448615
7349544 1752275
4353649 4064758
1337676 9734763
4144630 4879106
8992737 5387713
7870165 5603274
315904 5233674
1889723 3426813
2433010 1883501
8099376 6365419
4978386 8538272
2660300 6711395
7994774 15797
7384138 3469865
1191263 9835693
4215796 7904590
3725810 7409640
8255653 1153609
9032573 286639
7780955 3559917
6300817 218012
4633515 6374039
6107621 7351760
7186362 2860786
7651151 3487053
9943568 4574468
7479746 5311221
2950220 6480451
5366317 470853
6064443 3582556
9827885 6543247
5776318 7022959
8006417 8154227
5456763 984567
4958961 8647691
5717384 6689172
6161528 2830217
6066793 1916466
3253095 2301184
8222707 5875572
3254605 4554851
8399238 8485582
7691853 798450
6367973 4738103
72789 2108133
2494204 6994461
3574649 8250582
368206 1693577
1647804 2941418
9693143 875502
6507657 3729239
7320439 9719786
3975025 7031049
7648835 114264
7874431 3976017
3957632 1885752
750103 5902305
4224974 5392088
4300 8651298
3003976 874921
7574256 3262559
8249065 4457509
4976651 2038900
6354429 7493896
8794359 6555313
6441325 5706757
4292957 2895978
8053651 178719
6499760 7572487
5603049 9965020
6450276 8276428
9275892 7359889
1533290 5838033
3317372 8815862
6537839 2170583
3979123 5488195
7359566 4023360
5168923 2376211
6411094 7708599
1693351 3555021
9756908 1616562
4615801 5486985
4587504 2388862
4555911 9685312
9027874 4332701
499356 4176210
6031139 7196030
6122362 1919255
3994162 6898885
2514593 669076
268073 8574863
1209171 8691721
7618883 1265704
5982516 713900
9069371 8551460
361753 8914847
6852656 177171
5546095 215384
4524603 5871561
3712597 352200
6732895 4290673
1606850 6861859
7104483 8553060
4700012 1269575
9531178 3844785
8617107 3561451
3084870 1390747
6708157 6114209
6290366 8940775
5626641 489862
9496249 5759899
5084789 1623626
8552850 6944214
9396231 9189160
80085 3105892
7527984 7116815
1826686 5049029
7933661 1129118
1300621 5930385
2553473 4370800
584155 1269139
5239359 5808563
4748099 1325495
2128743 6514649
5704955 7076573
6790635 6753212
1568129 6812443
5646420 1008715
6093960 4549497
4169281 8371049
6987171 8060647
4289684 7269354
3491780 5220023
9621147 2755623
1419685 5376964
1215741 7302670
9544108 7247942
7860249 3207462
285776 2693771
910679 2125021
2003803 4101241
3710597 1022467
9996254 265174
2308447 295576
75050 1316121
249338 2095390
9933141 4155918
1177733 484720
2585920 6180339
4573974 6824182
7438146 2017748
3795452 3654289
3069738 8191337
2712326 3243450
4456948 3637642
1698031 5102887
9983414 9741904
6369306 5740089
2730421 3986106
9978093 3729476
1963309 7442565
6891972 3825083
7030378 7024520
2140875 8696381
6626219 6832115
1061493 145792
867665 8243434
7113539 4907574
7879764 4230329
6369140 7986318
9458320 7461754
1947321 6557637
4876671 4374226
6023172 9097565
3282165 4835888
53245 8920704
564157 7018827
9337929 4390576
6581518 2272906
5807951 2253610
4520449 712361
3783375 3786528
1309353 2738422
5566316 7510320
9100203 7988878
750981 4224631
4269587 3146505
3018656 9389818
6535559 3773455
6239046 8103323
1990231 7407264
2981009 3941958
4198645 8634157
8768411 1744050
40630 3080952
7080883 1907554
2421857 9906379
8260074 2144787
7144523 9626280
3372360 3369068
7205554 3276783
2306387 3007103
5140114 392560
7867255 9456395
5731605 1600087
5807708 248884
5000627 1208326
1785948 1161529
1873970 7965404
1668160 4455671
5696346 5680858
2013660 7664633
3543271 9821975
7555233 5230508
6594506 9739580
9994375 145349
4534674 9926526
9740076 1526149
7924933 6673511
7541784 4397831
6497758 9891089
9492022 7101978
4220340 8311209
2154482 8828313
8564935 1177080
8490383 2997702
7130337 8266200
9317147 618571
2446372 4826462
9516232 6983499
7656671 4742361
5385926 2597891
9693555 2439241
6632771 26562
2887075 4003941
2143514 9426650
5182034 171103
5658435 5350820
6516895 8615262
8331007 4331119
8843225 6310353
9022075 194140
5168460 7201382
260690 9516989
8879184 7966975
9019879 2030060
5701678 7644036
4459767 3249898
9152248 4520945
5600191 492960
282157 635156
8395969 6800056
7160912 6454735
6116834 7104891
2571651 3552681
1527227 861682
271307 1181222
9076322 3999855
3770379 2964615
6775862 4739066
7261751 5562956
3385782 3225864
6924446 6157793
8534164 1794043
6187246 2011718
7437606 3795838
7303974 7193634
3257641 6296726
2577812 6316258
4765700 8326245
9097249 4766202
7254494 4898610
8827898 5737965
8095171 8107570
558049 4984132
5452504 5653667
1886735 6577479
8718281 7633950
6559871 870856
3587415 5638793
9192820 4962600
259619 5257744
2238090 8514972
2900358 9817567
1252999 2942383
3150790 5660797
3547696 4567665
8290924 8644220
3403902 5802008
3128830 1198722
9368042 4544937
9616515 3450922
8204691 9401393
3655460 9458946
3689582 7458193
6643686 4858124
115339 7254323
123622 502895
8134551 7234058
263716 7523303
64157 182244
8118256 5652544
2684993 1983306
5479665 9190507
8506958 3039592
4902351 5999650
6102919 270150
5506234 425153
348453 8360198
5492204 6814145
1819507 4065111
4991064 206881
6185114 2098598
6387503 5603598
238215 1251028
4208892 1780427
3048613 7616383
2528106 8730277
670608 8500432
6793377 3430131
9423698 5159393
2054010 5745006
1259016 9294570
1837959 2792872
1970757 1893086
2982839 17278
2464742 2526391
6653576 2618155
7053926 5124046
2517162 9205153
9945726 3998113
1389940 353934
1069104 8043725
6859141 5766624
4220288 9218884
437660 7465525
9422704 1874858
465243 2355930
1145080 6888895
7753269 7715713
60092 4822644
214970 4670373
9375353 3148666
4644440 1610146
4346342 250103
3361707 3804933
6636593 983034
8014993 39741
6669673 7172258
1109915 3748909
118881 6329618
9935879 9198900
7925681 6499213
9852294 4046887
8635776 3329675
1651512 5984810
8087582 591602
1233426 6123767
2264175 5295281
2388643 7453442
439123 1131865
1783887 7490285
4102836 8964207
6211952 9981582
7600505 4361206
1595598 6829625
7815869 4396114
2883276 7812972
6424192 8618000
2065963 7430096
4071543 1857335
127688 9762095
5748038 5961214
1580453 357723
1594966 1135383
47325 1516612
1030985 8912596
8300140 1523749
530538 9992792
3189951 7397751
6267916 4410297
9245676 1035671
9598133 1220604
6157621 7342178
3030979 7535212
2410971 1156890
8877322 8811339
717037 9048698
9225741 4903173
811825 7676925
1545554 7931747
735934 1790107
1113151 766059
4297623 4535409
3572972 2353509
2478204 4189227
4903969 6833070
1655539 1194843
1951268 3450695
2514948 754745
3184218 2889405
9319816 1158343
200833 3364706
5803235 881045
7724234 1644951
9950188 3136725
6495676 9887116
5892026 8641376
4947730 8648520
9984005 6907386
5674033 6204418
5615465 2605543
6486361 4218262
5552697 7983506
9891744 8637020
8311491 6467033
1675802 3667586
3673792 9413541
5259611 1375790
1581102 5514860
242614 8169919
5869496 1818648
9320696 1822763
43013 2083958
7438705 5332677
6775932 2063179
5496846 5774862
4395424 9663966
7468079 4145133
3774620 1200651
5147069 7486276
8115336 7996174
8202003 1292841
5625769 7978360
3673324 4054009
8107442 4860969
8931833 634583
4785336 9442161
6860773 8150584
5309143 6123369
9256301 8099251
1718130 9559657
5596538 4660738
9713068 2500480
1379364 5008947
4335175 657986
5526996 5322244
904489 7529441
7888900 945436
5146857 3748714
5369330 7520240
3701943 6924770
8448434 8432321
8824356 4260405
5826532 7522879
2447065 9401565
3983466 6115989
1781485 3367783
8656870 9184502
3702024 2507474
6642239 8010228
7113330 5182384
1249 2560743
5014661 4662837
1112786 1747772
9868594 3880517
4171802 6293019
5317778 9968490
7300730 5547446
5960956 1024223
1676633 6179264
3275353 2485567
2502847 2459413
981227 7829489
3836925 8902770
5858478 353202
9332261 8042527
4193057 747232
5829667 8711400
888932 601683
7196564 2319849
1261390 2354573
8229807 8836074
5889853 6672190
2991208 1931118
5376608 531687
8273714 303590
650868 7464518
611240 4284665
5890306 2073723
8637417 3811726
7493077 9722759
2569269 3341078
2623424 5457042
736075 2090390
8263342 8263805
693663 2485443
230648 3001412
9923982 7388976
4356641 8673256
4250660 3575093
2977636 482057
6528682 8472782
2607907 5314279
7674574 6469498
6413504 3316434
40291 9781009
8348961 4365982
6289776 1179047
5435467 4399703
5973452 9966082
2619959 5284753
3512046 8130234
7113859 4649560
1309674 1776787
9388491 4955527
2381208 9562494
894276 612518
2853771 2799816
7205564 7227992
8022361 9603412
5760904 1232209
3905893 4606776
6534478 6998421
282210 1867551
9506602 5922166
5865927 8318892
5208275 9413447
4615486 6888365
6969105 9962012
1843145 941081
4819073 6393612
2938830 1809667
1838968 5226405
809914 5257036
3756341 3392475
3674980 4885623
5402634 8128748
6155271 1051739
7205360 7842615
8955682 9798557
5168581 8791243
429275 6252460
3346146 1640677
4122687 1345485
1534289 8600445
7860883 8104119
1001929 956977
156770 1893838
6365336 7393378
6695078 249658
6037129 1079284
2875608 9002846
3974066 2785404
6370948 3864558
5910539 3125512
6327093 2202959
332008 1955942
3640661 5888465
2977720 6032873
3342488 1992974
2634647 480646
2807141 8072917
2848690 9975481
5278957 9057040
127652 1805090
940712 1097089
8622431 9750077
1750420 2417147
2760956 8140604
3034765 7743913
7381871 7633941
9079410 6534735
4956687 4438624
2565885 4439613
2780449 6735955
6908057 2067400
1609991 7553323
5669499 8123354
6178383 6534176
9131255 6804372
8931473 4939056
4274295 8897223
2304929 5681332
7278765 8225248
7196596 5945960
4254930 550823
8069789 2421077
9968402 7766894
8328563 8783368
1267522 1380394
4674438 6955117
436260 5540850
7478093 8942808
7974384 8856944
3237870 4846187
2951723 6452828
3885397 2094096
1176652 6426474
3279506 2951116
8129019 2632982
5575938 5591133
2899326 9158114
4251239 7047868
3891240 8218796
1989438 8660019
4933752 152337
2529273 7353645
9238486 3167654
1417710 5615142
3240325 9483389
9248694 3133581
154729 3552962
8158993 369851
480650 410335
1802062 3195086
9428053 8135765
2134334 8203550
9306877 7680468
8058794 3057467
7359861 1873665
437366 7262055
4260164 7997578
1213587 5676558
8890538 5578066
8002544 1358264
1574857 4141018
2279819 2140962
9001339 6951339
8079154 8511192
3788366 9762293
5115305 5018817
8268936 7381473
7331517 1980383
664636 443278
6893735 3887137
8437241 2922757
6356885 7566279
4691606 1770316
8528041 6176773
9147098 5113751
798340 6380186
8648385 2544287
4223761 8625071
8552326 9776543
6637002 3819563
3755824 5059314
5203375 4637113
4316531 8772733
6778745 8658269
81607 3620299
8233744 5571538
7965535 1674447
5842381 7237936
3981206 3721457
523157 7336813
8134730 112789
341694 527841
3137025 2264247
4649364 2738507
5251769 3261994
1581651 4314164
6482311 7377716
4695720 5886951
2595083 4291082
5178459 5541391
2745505 9410277
1044283 1960923
1975603 289416
6802356 8471272
6984794 9543439
6244081 1921602
3772363 707248
9980603 3266216
4914732 4942268
5407452 6063562
1105030 6562396
8669872 6490688
7312556 4304860
6635804 3866885
5630723 8447644
824256 3263873
2169919 1577590
4010839 8388507
3687599 572180
947048 3836598
5786117 7539207
3080440 3479192
2778309 5735319
951737 3831475
6548466 119632
6875201 7785752
4917509 8574648
5065776 4464330
6147474 3566238
9308391 7202218
2615584 9686627
3777034 5910039
6025301 2688400
1333943 7664746
3964336 4126355
7656196 6030886
2420797 5680441
1522837 5549712
1388515 4541287
4359702 1812975
9410093 7179992
8081944 5894418
8729023 5943112
6417553 3892031
7158822 4537034
1266109 6116059
8511665 5772495
3763771 3044606
238750 9943697
1816265 5842109
4229489 7536901
9532740 2503481
1335003 5892029
2643330 714165
4608718 7574125
6539676 9823099
1650410 1849980
3450587 8626876
4139932 3769794
7107846 2450594
2607951 8545700
3752075 3569394
2778795 6839871
620462 1580105
6772618 3938673
2179732 294762
7442176 4135865
7670800 9101794
4323490 2125742
9708830 1443740
3199629 5193046
8125117 2431299
7211084 945140
9274883 7217792
7093311 6950031
9785415 7743763
605974 1320511
602895 9185690
2682570 2942837
5150646 7946077
5575714 6199810
2473500 6368504
5478969 5690769
4043420 8270717
5826790 7980478
5536301 5059455
76133 6691909
2840116 8762488
6654497 8323947
954589 6174308
1646373 7893014
8613056 575974
2053170 5706588
1029827 6625699
145013 2089719
4445005 7916620
5453342 2287462
3752529 6364036
7996793 40075
6731336 6677694
3327813 5413127
7106419 644172
8829781 2935837
2599881 6340589
4089481 6714543
358619 5819923
2430261 7455601
5822365 1814644
7820744 1026879
7934197 18818
2822373 214734
8934766 2766776
1057497 6086563
7024231 158520
1124400 891960
3602052 1006898
5287085 5745686
3942236 3042279
1112622 6687025
6680256 4900714
2892901 3618598
4205607 9925857
3606040 2138606
8475074 4763484
2728776 2091596
7616127 6467122
5242493 2873250
7008193 3412397
8927536 7353295
5977994 5059999
4404125 1362419
2153016 7184668
4357426 7088110
525108 1768762
4067892 573290
6362892 1229831
4846812 7910949
9570083 5309839
6351109 8498122
9826439 5169746
6170321 4690943
4951431 743659
7219110 4188186
282450 5439609
8034338 9297535
1943522 5776973
8965524 9600990
3404208 7245881
534949 8606261
143779 6482223
7966054 4010876
4038255 4075317
2466836 8949051
9205005 8565064
2951305 4936533
7055061 3403027
1336576 5482051
9082759 8897198
3589223 5700612
2667461 3257802
7945456 9854906
8133891 8695339
4663119 6243787
5601108 1531792
925093 9992121
8472721 1681954
2800032 8719407
6507685 6772631
1551086 9212346
1173356 1441985
9348108 1811423
8759046 5947250
1616152 3330474
2457358 2296282
2536501 5009534
7383890 9061816
5317353 2154266
8297222 7442696
2626244 7593631
4166165 1077309
3287615 8260527
6111507 6063169
2815052 4211403
40432 882174
6825368 4088848
5011260 1417924
1769317 7905623
9152287 8091099
3092930 2975574
1927292 278447
5400515 9653913
9291133 6046421
4544926 7601509
7193989 4912392
9313255 5986186
8614437 1162836
3281315 9493283
4031427 3177630
2098183 4336175
35025 4870581
2883202 3885343
5022209 3413639
6880265 6977959
2231233 1154063
1828694 3682912
2862244 2903722
819574 4853765
6993762 5571647
4592867 1587092
2576837 9767116
4111313 9548996
6605282 3165442
3128592 8220685
4193995 3849940
1701936 2058124
3962776 5240208
8445852 21501
9641475 9627350
7147647 5286437
7856350 5416709
3276423 1947991
3442300 446174
2359910 795361
908849 1473229
3676467 1559615
4659935 1943527
7974137 2862389
2287730 1794730
921895 8492561
7244221 8856696
122973 3218178
5449069 5181655
841696 786242
4871018 1428355
7379876 7168170
7271700 6814769
2291157 908533
4467855 7639299
2875514 2639643
5535051 9879972
4081615 6032922
9893549 6737861
2834604 7280860
512387 3395592
2998915 684694
6313847 4301397
6777398 3000465
3289477 1834131
2703957 5210188
6408730 4512960
1122699 2767182
5391642 8838364
7082017 4305888
9965245 5414941
4584915 1211485
3899622 3624147
1967974 5165636
3884949 3287075
7801198 3651214
269303 7107153
4368601 6716558
3507583 1602159
8233664 2845917
9764342 7124983
5619381 3383186
5282983 4584584
8869209 7832184
9202851 8222392
4837291 1712729
13479 1871525
2699056 2217504
9958852 7866286
9648765 9060083
6903454 1343700
9231870 5432491
6230712 2674636
1234273 4866635
3286075 1169415
2496343 1851365
3205242 1833599
3649801 6407715
7136125 2544684
6702149 8799110
9273581 8936564
9643742 2978816
7032151 6868394
3546114 2713888
2588979 2104197
1736443 3572201
1867043 946228
4605885 5086531
6480377 5598861
6868882 8656830
8865734 3859715
363542 4919655
182371 8541956
7992096 6227632
112792 3245875
9428620 5130022
5004375 1220913
1281455 6970789
7329714 3460405
833465 1879509
2719165 291461
1518585 8678951
6376386 9201591
8537594 9884894
4861882 517917
388964 2610770
4496383 3568021
2498970 9748269
1565871 2738909
6662154 7555305
1195888 3574593
5722594 4891905
1114097 9423141
619045 5501928
7158976 3481896
3725212 2977446
4585344 1152017
7804091 6242853
6478506 2790422
2551974 4262747
3765295 6358175
9292533 8271617
4659988 2957049
3588054 911976
670172 7465766
8029793 8606262
3564062 2101538
8680902 5412927
8676479 2899599
3020201 7751540
3499214 7641630
9819595 8618612
392350 7588646
9606304 2283658
1347775 3584940
2612349 1090171
5712172 7996107
706258 3285957
405632 650602
7071007 7649911
2958124 7247208
4198923 9927798
5934644 297423
7140369 5241608
4656813 767395
2356091 9216234
5772782 2782224
2386071 4025568
4373794 4446295
6809724 8160240
4425361 6909854
106770 7311135
3864977 9513506
565870 9898383
711755 1272220
527096 944592
7039802 8972550
7816944 3339674
1262944 1549919
5150710 5188679
8321791 7309906
6209190 664258
6582082 9789640
1826760 3816136
5410624 4374132
2433961 5983081
6011244 9889495
5003565 5219004
9600314 4893955
8914478 3146191
3339389 5690139
2465454 9098037
5214654 3111092
7658705 7415587
4960032 2101119
5264438 1421513
9993345 6587659
2651034 9936492
4948852 8935401
3959117 9338464
3532356 6573969
920460 3035886
3588804 6800795
1477047 7413765
8379851 6752010
5674037 3084597
4369370 3223424
3558849 3561224
7684504 1075774
328222 9835874
5695578 4555606
6488813 5146823
4088851 7310546
8117561 5370504
4898370 7638335
9059483 2760714
3096862 8358983
7548556 9388703
4001593 5377822
7977132 2427517
2941876 5991439
4982549 1384800
5690558 2106554
5147696 765010
7765656 7150233
9166834 7022386
4442521 5929016
5121898 6003307
482245 7387860
8610788 2349425
6560227 9662095
5724173 9183536
6731866 2633413
5048871 1645532
6450743 4787997
6837211 949155
8766069 226307
3822258 912934
9907638 8388829
1367907 3533494
9712154 7462932
3288929 8503434
2460620 3452505
6878173 7470437
6876748 1673396
8956878 5764157
5129738 6805108
6880524 1153263
3112968 2768343
1683153 4372164
7674367 5849583
731813 8985244
3699191 7118501
258841 5640601
4839296 4985265
2352768 6418163
3894674 2496484
113065 6750305
4930341 7174662
6674163 691295
8296162 2614918
3746872 6759634
802781 3545890
6503184 1291863
9929512 5268242
5738099 6195000
9269115 4129432
8823494 8943380
6502392 5259850
5338474 4645442
4376813 6764283
5133960 9698328
7375368 6193599
1463375 5261616
4228519 5216138
26828 6786687
7919144 2825459
1949681 9496589
5682987 831253
4457556 5864008
4704490 4062668
8174181 6386344
7960024 9755473
3788909 9180079
176490 8880505
240220 3655165
1665654 1808751
9259134 3900639
3005716 5015516
8959166 3805551
2700134 2587289
4707639 9482958
6494123 1269066
546723 7572773
971824 7925670
9220521 3505170
9182690 5867064
9578362 8635412
6531111 1477957
3323066 9854001
3050627 3944290
9769212 1151970
2241345 9735431
4388696 1737710
416063 7876216
6621104 2205170
2514334 1967416
4333589 1529020
2572398 922927
7068174 5269740
3093396 749784
2986590 2535620
6159657 8050695
9605914 74940
7045178 1533340
2234450 5194641
5605797 9661701
1940457 3466552
65768 7535881
3153038 5635117
4162871 9102745
4927769 6266073
6897579 7627349
9610729 8286497
9692096 8330387
2711708 5147024
5929167 3090700
2375852 3500124
521141 2604823
2975287 7441952
8114583 1972011
2866025 8830708
5686494 4036431
1764484 6157856
361801 5473676
9145973 7372146
8996497 3581610
2043278 5224415
3961597 1213143
3612776 429889
7833175 7263680
7605114 7887563
7155057 4510409
4272374 6421048
8525883 5576951
7659918 8261155
8894533 3972541
8264706 1214190
930952 7797455
5336497 3880890
299438 5509909
8964045 9710500
5029098 6417499
6354519 6874146
3774220 3323323
9929274 1312891
8570598 8762821
1344442 8146163
4827814 9201739
7791689 1426569
2481232 9532044
1105790 7041198
3053199 6181962
8928882 3957607
468482 9544705
4750887 8413714
4805174 1116170
4823061 6539622
8606096 9726825
1000419 522616
5736741 551107
296070 7490693
9041020 1712219
8084796 4253112
3365367 7231430
9321972 8844914
29539 1275069
826521 5136841
1429403 8763206
5181908 5116419
1379868 1075950
1743654 7177960
560389 4823698
289306 4089853
709253 3856299
623355 8020250
3752714 773634
2032756 9887153
7924655 2015912
5807536 2731696
1888370 2085283
1159920 6672957
8522231 6354426
1518959 7324876
8730800 3542194
3071133 6626913
4130130 3981465
762707 3055783
1150326 5107426
1212299 8001305
3287860 7095037
6568022 5834255
4532444 7217973
3960281 7421823
1860998 1542299
1473289 9554265
6686692 2953393
8038021 7020260
1527322 6906883
4937953 2440863
5491666 6956681
5378032 9861466
7422616 505422
783338 1007389
7229791 3418192
1378261 1016058
8884401 8754423
4061817 2154353
3392024 6810027
8912209 6981857
780045 2704480
7111507 3392629
886170 7915709
4241038 9759948
7250907 3047245
9628815 3061309
2220961 6187692
754315 4743303
2990698 7479329
1933770 7267880
3409399 8702279
3787555 6359595
8884491 2532270
6550247 1614354
6297744 7659116
2773475 6689842
8568208 6630112
3735159 6249818
7310378 6660925
9240892 4680165
956569 5824943
4250188 4408163
2221657 6234086
7784699 3019337
4629576 5934095
1134268 8953921
3616554 1700939
451986 4396570
8738280 269918
2032621 8116063
5684934 1315884
6846048 9589205
9204751 173786
495021 4437680
6163402 6582103
5781902 3868451
629802 2051685
1635349 8198321
5397070 3238747
6349850 7990611
9661906 7414795
101832 2502128
602552 228617
8180314 4556941
5485571 6478897
4094959 3760064
9068804 520036
6419112 5962979
3430335 3959586
6548048 3682385
135741 2269447
6941697 4803782
4017225 1384408
4663193 9800883
6308928 7624767
3364704 9235784
3388916 8081546
5483609 8551836
5050314 1512200
1894898 653081
3885264 3768701
4493540 2114825
4421408 6407687
177930 6409536
6505206 9392357
1150721 6446324
787218 5722335
8502696 5375897
8892250 4395603
8700513 7445441
6776267 5742055
4091256 286491
4366467 135939
2890911 1417502
988350 2476500
2623514 8335309
8225327 5604189
2423188 4274186
8666609 6433189
1619866 3075740
9056993 7724582
5875583 177820
6390647 738717
1794780 1330925
8372361 7335818
578389 1622226
583480 7121626
2602103 4556077
3317877 2630498
2200891 7814983
4835129 3513010
9105572 3429803
9221504 3941973
5488241 7132122
6983547 2165319
3498389 8813302
3128229 9662289
8523975 3716846
9728783 8146332
6894108 7724386
7702775 8925218
8296136 452456
2278697 2818452
6899044 2949662
189423 6953931
7084385 9723249
1980355 8248141
9744605 5172202
6035391 844894
660908 928738
7544969 4366180
3578155 7510840
5079672 5287271
4951200 3824546
4296738 8363761
2038117 2480680
5462594 4939078
1682706 6713025
5686523 3223458
6240376 9223198
6691654 8817531
5566488 5846580
9743501 5711385
1264416 5169473
2250881 572139
2769924 1294954
1165693 5044628
7427227 9488616
2415959 5799407
5335315 6698044
292312 7217843
6885471 7097783
7741839 4923850
4203532 2058070
987455 2628199
5912347 2316493
2730000 4156349
9890693 9908546
3391585 8588082
7764423 5126617
5730496 8694529
4814799 2157246
1404694 4282988
5070474 6805871
8416183 6138933
8080804 3995019
6579421 3739958
8403297 6787930
3072490 3432779
8311330 5414010
8530887 165155
3474608 9479614
1341811 2061710
2332335 2966578
1705181 2542029
7536262 9824682
2609229 2523514
3871213 7062422
253840 618823
294327 1487801
6153967 6971594
3450050 9761936
8479605 7199003
4517460 957814
4641972 879943
242891 6095687
4151809 6830943
8164792 1244278
3329098 8979280
3686375 7941499
2345823 3586165
2440926 6972503
6039369 9903564
9604295 1935125
8663168 1527125
9661635 6003173
4434026 7737752
4127386 8938956
6797836 7271048
4595915 2698075
2348047 678637
6099684 4791655
3864852 6626514
6424274 5475429
9395188 9016797
8510513 82430
2820749 6246751
6576255 3560722
7671242 7107875
5022249 7426104
2032256 5758475
3104034 1902137
7735854 3873558
1280779 7607929
2202058 9788112
1038187 1451197
3344817 8126562
1154252 3244312
4962299 9500244
5600371 578799
4046295 2003977
5961500 6237387
7620774 2857634
9199708 4995333
7968402 5479521
2628454 111664
8954261 5854664
5546059 3119735
4215434 9895565
7559654 2479951
6170987 1811688
5697580 8366284
5655688 5516280
3966420 3670024
8519108 2661593
4481654 3288060
4651590 2281898
4921820 3605917
927230 2990122
6524038 327133
8210767 7427656
1903163 4510346
5848823 61780
1521467 7569752
7351090 255299
6796758 5923204
5654724 9470030
5308589 6326664
6624194 3125406
3465000 1450471
9149654 2542266
4778580 2750563
7569089 411934
3123586 727598
7639369 2203355
7689492 6875810
286603 7425436
6941819 4674353
6552127 6622939
2481953 7210404
9241298 3978455
5768092 2602430
3129171 9298965
5675278 2439488
4070682 4213260
7303787 4949315
3553813 6918194
3870180 7660061
9395608 9839428
1831638 2397792
7082254 9119330
3395931 6800124
6496901 9046087
4345683 1270212
3430791 1726738
2949533 7464275
8802962 6355861
2425067 8128227
2194166 7797969
211700 7456757
7708327 3469567
2506062 1358710
5619585 9586522
5858643 490266
3829679 304721
2782659 3743440
5348355 1257186
3617986 9653466
9961149 1155687
469386 39622
1307029 8446040
2854981 2028268
637610 9960846
4853013 3225345
9926595 6522115
9319339 4512543
5631879 7257770
599484 2980058
5301318 3596776
8090009 254922
7246362 9958416
6158826 3086030
8772371 822063
3194074 2289278
7238998 6432507
6058489 5449644
8014431 9013522
9338847 2757484
3396342 311881
6175879 5652984
6535128 9465798
395134 6509670
8473797 5490378
1507530 6946881
1751976 8803899
3186717 3145161
233085 3324729
1561099 7026426
9127667 4308694
6602119 9027762
9572798 4509628
1943184 9654990
5676315 1534910
638451 6744448
7800138 550914
7565687 3885550
566735 18878
6422506 216197
1286665 4911701
5358035 9130476
4693519 6970852
796808 5746839
469764 9376776
7540736 282856
2586233 244826
6695544 9172503
3793880 5478321
1155330 8861888
7564707 5860822
3620470 7778437
9281254 4030862
4920493 7530110
1945298 7325408
7311202 5839070
4786315 4608561
256192 8922178
4764959 1995221
6436093 410567
8247968 5668918
2703784 7305075
7768518 8208467
6326913 1364453
906548 5243266
3202544 8222585
5316241 664286
9578996 3526154
9517511 4323208
8609056 6971911
6084240 2435735
5975371 6488575
9231047 2208457
4443132 3633645
2819808 1617061
4035945 1731662
2714791 1800094
3345213 628516
2244398 1983814
7215260 9793587
5695851 4790355
5134633 655971
5389532 6352232
2064536 2450846
7956431 9600852
7904821 3787934
2958861 4652615
927873 8799361
2624889 5344578
551576 4956883
6463375 8481936
8797611 2127756
9406710 344545
6497104 454999
4044614 1652162
4304814 5097547
3450263 3269325
8935018 9239396
4715528 4766770
7870650 8664480
3634060 8249675
7058964 1986875
660728 5707293
2039799 8848260
4735142 6647623
9316596 7804477
6261278 169663
5567524 5369617
4794850 4077842
3050488 2955404
2398876 9687183
3701998 1849819
4692861 6114747
6165070 2169205
9089025 7232176
9190964 1240417
7191844 9305732
1827572 9354758
8695563 8648416
7424926 5454919
810636 3027500
7582835 1765587
9572967 9418741
9982140 1849376
5440185 6245597
2538854 4732851
6576342 1361481
4566066 8820012
7333961 7604033
1074494 1068522
7386267 151296
9578579 8798609
8754417 3982515
1300105 5727590
4878669 1097004
5333445 6919652
1772016 1673742
4401406 1897149
5739716 8435230
4827222 5972127
7548753 131226
4164473 9548571
6801534 8215589
9467618 3751910
7169652 2148572
3720625 1947171
2249986 3652068
9420906 876324
8856169 585425
699212 3863445
7740994 9409269
6679953 5454813
6673127 32732
9179212 1286302
1546435 9200126
8408298 5380580
3191845 2207974
1327774 5967557
8158022 123658
8076027 7275281
2320060 4590399
8540100 3432371
7741894 5374720
2519947 8614826
8887102 1123328
47561 4612521
4534363 579384
9617625 9418991
9717607 8872658
5454750 3138192
6362898 9181786
3821010 6472436
5846204 853592
6072164 3794321
2066328 3435965
5257729 7785488
5604827 4578111
7761279 2293327
2393207 8620506
7698894 4646894
369655 4326023
5107943 6884723
3516130 3123800
1817286 3106098
889206 6302916
4831191 6212397
5686055 4924286
31879 626199
8802108 2964452
487108 924695
8925258 9225301
9038583 4746852
38263 1436638
8893657 4895063
5552417 1298424
1045804 6150789
6366800 5593255
3940991 45602
9148756 7001586
4215763 4431914
8104154 3324735
5147604 159682
2395341 2640708
418304 4416325
5009076 5883907
472646 3420975
5788723 8023518
2796086 3031693
4414666 7762854
2317963 1542011
2910857 5733501
9864989 3701352
3819644 4007342
783564 9403960
6486253 9826680
5781745 3525886
3240829 1542414
2369581 2706607
7469452 5595958
1815795 7001533
9281384 1469816
6209437 1068453
151599 4226336
2787013 8548075
3021266 8334594
5219520 9008651
9395665 626070
8800172 6274060
1116809 76899
5991751 1004471
4101110 2403080
4278968 474232
6711098 6938758
6662177 5655707
1250032 7338207
6361368 4422440
1651364 1847775
2568466 7712056
8752526 7664800
6965749 5020014
5767657 1992659
1261309 740551
1614443 3254637
9053834 6705780
6825382 161018
2497368 9054017
8250101 6990838
5979563 7300014
9934664 9824257
6911744 3074492
5887025 1910676
5239516 4534366
6481528 8153596
7979020 3405569
6273452 9142417
9564885 381942
8380070 6590508
5356441 143674
4453301 5568269
8132822 1324335
182523 7252588
705818 1760564
414156 7787257
3675406 1716285
9211417 2771681
7203175 4274600
7146355 3313815
7041911 6716359
3403088 7083996
9633824 6899416
4734541 9022707
879154 4707362
363285 5732333
9872181 4058673
6069305 5315383
1423181 744960
1238701 2324200
9900881 3626793
776681 7556757
2200859 7624804
7012948 5178658
528466 5326244
6836562 8877190
7351688 2725235
5727136 379210
364641 4985829
4273049 9753603
84772 1674423
4635610 8057311
8155105 7622284
3741597 3432837
4618514 1835592
8809750 1516914
889903 5843959
6358382 1075046
7365800 4793393
804997 8735306
3795377 2981976
3426862 3472181
8880735 7734006
8562696 4026091
1549104 6434111
4165964 8190464
5392322 939389
6054513 609680
6569496 8365919
9795467 4196482
51246 8614683
4377515 5087639
5402665 5719528
114466 4617121
6455533 5035534
4645168 3270119
8392754 9989848
4696403 3089727
9655202 5340791
4678161 8363126
2768005 7209528
4271710 1481350
2796612 4184972
2992666 2473175
5464603 4550873
2649038 1909190
9063129 9846041
8065036 5637082
7019466 1766946
4347940 7670368
4965951 9744541
9879905 9412889
5251576 644795
8539433 3369660
5006059 3145971
496633 487607
9469299 8157114
744003 5782302
6561760 5241676
7660581 1168257
6763025 1714316
1865961 9785398
2531286 1691477
8447594 7928615
1499448 7182778
2180702 7041618
8673597 8695228
3072560 6301522
8182469 5214842
9695485 3812192
3270946 7908078
254497 5549314
5629347 7046662
3472648 8600627
703599 9216908
7901790 3398200
7784239 214582
9654898 8609021
2571038 6315521
9555611 8028287
6274311 2818600
2689635 1176280
179240 9200443
2989989 5357528
7022849 177261
7569617 424668
3694064 3538292
5876954 3546548
9066148 955860
9582895 9450241
585636 8121213
7282889 7275051
2949568 1122088
2688456 4694283
6106104 4440619
933665 5743641
5877092 5273444
4544527 1924204
4653252 9029468
4209485 98171
3800486 1657008
6386399 7557883
5388668 2842656
2694298 6218864
2326423 5607283
6046826 6490157
6061165 3140383
4874031 4438262
5223357 8914934
295155 3530109
7762577 1733704
3913674 7155401
631631 1853477
8258862 2627577
3492624 7287342
6808058 6881333
8087621 46027
2726585 380357
2344467 8939076
4121955 2737859
1680135 1659133
9887727 9864073
5136178 9202434
9728842 7771934
2052837 6537055
2907327 8240178
6932256 2362336
7876416 7598720
2941607 2062309
7637648 4052580
4787225 9408336
2433157 8683456
4457853 8928138
614765 3637802
3287773 6892194
934948 3666679
3590601 359416
8999684 5070548
5937720 8320142
8143791 3540254
8547765 8477465
7181704 7444782
8420990 8320670
1229585 6014648
1468084 9395498
4740749 159960
3367510 2571031
2262539 372807
9555419 3284344
7741249 5836627
9103233 21023
1744980 8929158
6946948 4665381
2236436 3087943
5001687 9298382
8570267 3968010
603525 7104518
8712371 3263625
3979998 9706960
8566863 8397208
3055108 5938637
4742970 725961
5905464 6179027
3640190 5753483
3680514 6212726
1162611 8297300
2650380 2511851
8960493 8248412
2631881 7988500
2902978 5861764
8599846 5662908
8837244 6047499
3700868 9206511
5749674 4918552
6843481 2399092
3830653 4642665
9058600 2560262
3349401 8651987
363099 7074691
3247432 4850070
6028032 4379672
6555294 2790315
2922417 4110530
2285814 6062071
7799032 838677
4740680 5520382
7636594 7904590
2976868 794032
5862187 3062476
9396830 3439719
3060659 2336295
3177175 7566041
339915 7336240
4569015 4727691
6991734 8400441
9773812 5782510
9592181 2757394
7920946 1070754
5956673 5217883
9705907 7175517
1808212 4259595
2737273 1046657
1169234 7598109
5716358 4046365
5495853 8729341
8786336 8975160
8433219 3250213
1736049 4033983
6548275 635581
3770788 2322028
2431469 5486523
920453 7902575
7597578 230720
8422955 4022796
4708908 8697343
8196800 781965
4244058 4974751
7959377 5014250
3770595 1431888
6604989 7931179
4507703 1151673
6713514 7270873
7420362 4572194
925851 5778079
7107720 6509623
458945 5187046
1296849 5123218
5294517 4193100
7116191 3763997
1562481 2606881
9256693 2837010
5078761 916540
2859881 1931214
586888 3827612
7414968 8831857
22399 7075717
5584009 1868366
7801377 1643113
54939 226417
7450373 8477178
9839503 1763851
7171076 6097294
6484306 1735334
1903919 8456581
4097667 9673722
5947808 9677622
9410500 2599972
2904782 7263397
1608442 9361034
1284470 710564
5236902 3935750
8419883 4109167
3277377 9451126
5700318 4393548
9076791 7763683
8014491 6502891
7125936 8045501
2819039 4913059
7107307 6811983
6236683 9004774
8463959 2889747
6349020 3611678
9459266 2643129
6298607 2707520
2251012 2329855
1713655 6566500
3000629 7904220
5962277 2928629
2895674 1733722
5063564 1866523
6922565 2658964
9132481 6741234
773234 9712656
7307825 3771390
246629 2833457
2848757 8585056
5874602 1519400
8335773 2548082
3250983 9290729
3119728 1855994
1490352 2909515
3987087 9918534
2412356 7358427
6326361 865340
9122902 9316206
6748454 5710041
945666 4459324
6110660 4502412
1422866 6514230
5025349 7322505
1953927 8488331
2650873 232026
8655233 847609
2266663 5109352
7937686 957031
9283830 2672793
3360106 8134860
6439146 6500037
7844603 5286459
4923447 6959323
5154678 3365673
6377766 4444703
1771726 6659187
906502 3049484
9220907 8590793
1083233 6441594
8959846 2492466
1760503 1330984
6963271 2598877
3572474 8267198
5662748 6157812
8081255 8719963
637853 1842031
969665 9341690
3332600 9904436
5269287 7125575
2915049 5995045
4661307 2609031
8996296 2147601
2981960 9052090
9344406 7701254
1444416 5152816
31450 3258874
6478059 6084311
5572421 5613214
9736963 295932
7529589 9016192
6744272 2416344
2463401 3404524
1679842 7669140
7175836 3660525
9688549 1034007
5614372 9474360
4426129 3815383
3709229 4663541
6917755 2667971
4307578 6162821
6589306 6299048
483834 5363715
4058593 523282
3136771 7733322
1346444 4297116
8740316 1880587
87398 8547195
7378768 9940375
7209574 5025775
8053534 9639463
2735398 8464927
8987162 9583263
1487328 1658999
2296560 3521224
1839017 6703494
7608132 4918874
9561315 7211289
8801843 7539261
2322865 2154789
4491836 3832658
7445479 7326444
8344453 4961156
4804911 4091504
3100627 8384328
1694830 5499008
1018868 7807954
2908640 5046679
7637996 5375490
202024 284545
9868778 7236226
3735352 7332631
6237380 6478580
631995 4213823
7309708 3683395
7881676 9181432
8944721 9396981
9805774 1780128
5830985 4276953
7159489 1186079
4682661 617122
795536 7690942
8524050 4542718
9936624 9409348
1267850 9203180
2127465 8328919
1028186 1378603
3321374 9447231
92721 3747317
9901718 882723
6960817 4487463
1579752 2442724
1597209 3097857
6980671 9742962
3057440 85108
5076695 3403485
5713076 6915831
9518326 4346329
402305 6172139
7515043 6504201
4186959 8300439
1039759 7434324
5321297 5130451
1499173 3995392
6487172 8843739
3069288 4129127
5851108 6031915
9889487 9247616
9993965 842060
2282416 7980088
9152033 6159286
1502992 3143801
2332916 7234505
3664031 9120405
1310593 1250940
2611591 5888774
9331611 6350029
6964002 3718585
1055 2864157
6048392 3575937
9231632 9286431
9865377 5037465
7507731 753279
3251223 809153
2030320 8651504
1452415 3905749
3067233 6610427
4409674 1882759
8097318 7794745
3801114 1172283
3836709 3329635
4566586 873576
3105263 8718967
3724910 2547497
2745771 6098266
2599391 1104611
6761666 321213
8963541 1079485
8427474 6451393
6760978 9748734
5014055 6314763
2964799 8887686
8112407 1040091
6609952 2710120
3198838 5945034
8250985 5812974
2411150 9015326
1689038 6382366
6976795 5226133
994496 3282944
9261309 5286442
1023121 2558452
7238281 1310996
9890349 8365454
4889402 9212928
629174 1668383
9487466 40277
2445672 9087866
1265160 5659357
8765042 7581847
2285843 6261566
7145323 8537055
8078299 8089278
8593941 4572740
7377738 4225735
9237354 7455394
5830378 9341733
6631096 5904171
8693502 5618186
8162307 3352924
1632487 3324827
5346973 8359364
5431024 2967064
5360710 1354829
2964735 7631946
4853120 2550992
5537398 2067815
4753216 9583044
2263009 4516450
9146594 6725203
4187697 2281212
5953149 3713100
7998118 1132099
1068735 3117444
6401649 4672889
3159181 8287691
514568 761419
2389994 115330
3055817 7723722
2775553 7773899
1735801 5378938
5497814 4552951
1741298 9459238
4048324 3614971
1463311 470140
915857 8558189
568704 9481634
5116770 4104417
8636300 3063131
6454682 9608312
2713313 7677394
1803169 7359476
7682437 5068164
3733481 3917472
5518035 9481441
7583749 6925385
4885798 7986845
96008 373689
8007864 1520107
2962283 5399784
4367286 1659018
1456665 5602809
587070 5891367
5370711 6250366
1885173 3684759
8316266 6874186
6582658 9413941
137213 7652922
9173548 4310398
6000142 9111802
5356191 4179823
207862 7455378
3116013 1265399
6104930 5948250
1411551 4644566
5766789 4715985
5401418 7810682
3840984 4833728
5910819 7996040
3815046 5528354
5012445 1789713
5866313 2233154
7353929 1413649
9365315 9877381
4765963 8472996
1213873 2749697
5417376 8858661
8999324 8541027
9865375 553280
8528504 3153564
8863356 7913382
7581670 6897384
3326514 6797266
4855917 4794504
4409420 3267508
2723318 6063169
4404403 5536546
303388 6156661
8337038 4400768
6757917 5639266
7647154 453752
4580710 9656680
6964292 1461462
1803291 6337286
7065275 1331379
6167851 2429609
251439 2883977
8163899 8927145
9548226 306410
767700 8763308
631649 33193
4955562 3788711
1637327 3630178
1841235 5174222
3137640 7815300
6360758 3082132
2044382 4791156
7637133 9922899
9522571 5401476
2196203 548545
5987930 9065613
5427873 564492
921959 4909257
8265114 6756794
6960540 9597880
4061265 2802097
1089009 2194149
5437488 234129
7210854 2264808
8803787 8588749
1477044 5653334
4994378 4900563
4961170 2459657
1174934 4382399
4238874 1896365
9027521 7900520
4522011 1060862
4793831 6858889
8855072 1442383
2839488 4473193
5224437 2607942
4147773 6717669
4228737 7381690
2817643 6194866
9571656 3725294
5764202 3893399
1284430 3627030
2209064 9543420
4788835 5573743
8129369 6799647
9062225 6345818
7799703 1479121
6556743 6557366
5860690 3274165
8084720 5599319
9512942 670809
9974972 774810
8639474 1190534
8766124 5605922
5699531 3983686
3541844 4103146
1637070 954739
6825393 7862240
2135690 8749997
9831793 914730
424306 8843583
2291719 6220487
6773950 8512562
2760542 4271128
120240 4040795
6578532 7192616
9257310 2699999
736087 7218630
1276249 3740328
7953155 630893
1504348 8983682
5483699 3663037
8329353 4370669
8123757 9853971
3856379 5823437
2391251 207157
1027898 8628260
7281888 322284
6873299 7064471
9432779 86306
4948847 5442120
9249951 909420
5339078 5965958
5532462 5587994
6362775 7290621
2917310 5971737
4258766 8465260
3452600 6670247
4920621 492110
3919323 5223813
7142680 5801617
5193882 785937
2688423 1055828
4876010 3757324
9170745 7554490
3262635 653490
6917450 6876478
8250799 9898377
9548060 7798262
7079014 9001272
340950 3804876
1071848 7219613
5114545 985267
9332368 8981331
9718813 3370257
6724259 7352448
3801899 8490023
2940061 5873746
1353942 5469478
5292019 5860053
199767 4498033
2800113 4818685
9119216 7919503
2438068 7037736
6215358 7530507
3140235 4786555
6126311 3920622
1925857 5811852
1177541 381912
7547307 8358235
7472012 8128042
3648316 2338693
4843721 3645418
8196669 6598824
9665788 6916031
5376515 3942629
6422987 7260435
1600030 4195723
9432243 127615
6975687 9837717
3161855 1067750
8678264 8106506
7089991 352728
1217626 7621999
9297919 8555049
3136096 7249489
2346124 5317125
1400063 3063328
257250 4151567
8662570 8007691
2885944 8025073
7825819 6109933
55056 9353925
9712337 6596708
7816182 6229716
597304 8881072
74150 8618722
5683262 2016370
2961113 8493147
6851931 7540910
1773045 9461081
314375 4957514
5725916 3215607
5429252 1310872
4009814 803368
9161435 7725842
1319085 8910271
1752458 5916365
9030430 1173926
1940895 18391
6258401 6738404
5201250 5203676
7425149 1041704
7893652 5800623
1501916 5894683
7236823 5120761
6512448 382605
6668902 3440038
5949024 7062087
1085157 6216571
1530930 1126695
1719568 8003575
1358033 2626053
371353 3875228
1896688 4806498
6857939 9891541
1793900 1090718
7973857 1125471
8990447 7036082
4105307 9493
3266966 8244958
289947 9896631
1770877 2644896
584182 2365396
7118788 456865
6266137 9013687
2018064 454736
9589118 4344816
2589171 8159980
5038160 5166588
988924 1423961
8714930 2079246
7693807 2969631
4741323 256399
6664160 4527830
1880298 3965391
9053682 854374
6821367 3097269
2383934 1136038
8094866 9722514
3106588 8920182
223550 4970829
8402490 9980361
7398969 5544846
8712195 3638563
1541070 7795787
6464985 6675928
3241804 6791282
604534 6665882
7159870 1989013
5325396 9388408
4091590 2125327
3477056 6166558
7554794 9329660
6371613 914299
213584 4627514
7801220 9331113
9585573 7393213
5438346 5671756
8264348 9940705
772404 7204223
1315828 770926
2810592 6073090
4620376 4387769
862169 460407
7790798 457152
8026439 4201010
3004655 5765927
8224344 7924587
3076620 6283109
9777868 5677000
1346824 6836069
7791364 1952803
6316849 8962343
1001126 8983805
5137088 3167464
7529252 3297742
8737633 6448165
211731 1700036
7016071 7489918
572524 3661979
2256212 3255730
5318401 7310382
8253556 5195424
5384742 7966436
6774298 4288347
1796441 5481424
6612351 6019647
1096477 301486
2375355 9405642
5461909 9461366
3779384 1023745
287782 7440830
1785266 1940632
8970511 2709232
1202928 6714203
1512908 9389708
7549335 3027037
5611819 2851648
9837341 5172126
6353182 2155689
7822724 3369881
4020635 4333087
8830613 1139248
6906297 1965824
839562 622807
9916474 9073245
5700949 792410
4672054 4796883
8922403 2953422
97500 1645320
5573836 7899438
6924603 1748648
5995581 8187623
6907687 9861626
2040912 2722800
4223124 3811438
3576809 7432486
2875818 1442746
1521529 3749344
8879805 6693032
8035675 2625330
4421775 6316790
9268567 776980
2907797 1322471
2668451 8282704
9275575 836632
5488338 4049744
2494507 3188983
8818779 9411262
2634690 9017578
3477430 5532980
1696924 4001884
1693182 7984779
9373546 151356
5997415 9059462
1906090 6028571
5479085 9365483
9509183 2528367
1522977 5545183
901601 5576176
3590034 181638
5175490 7764918
7098967 2914977
4655578 2021252
2755099 6464150
6453637 6438444
2220818 7215684
7604942 3976766
2040038 5450860
5612163 5814529
4009433 616867
4650642 3880016
7843633 4264114
2250430 2181090
7630532 5251882
3427375 4440753
8723261 4859768
4589994 1308932
3011831 9155576
9958594 1831731
1176389 6200233
3298242 7859498
3870970 7083193
5781490 6297625
522714 8917113
9820301 1094542
9282736 7108279
7817139 2414011
6407259 7609031
376428 1673874
3146255 6911651
191771 5121983
3076468 2257294
9565464 1688222
9316065 8385391
8930833 4135188
9223981 8074301
1937751 6035578
4664454 2109367
6208909 6881815
1635362 2221838
5156896 4184074
4116895 3803378
8747363 835821
2687410 399305
6742845 3128656
7524754 2428916
7395478 5122297
4166550 987172
8660203 3094230
2405989 8678736
1003977 2947684
4904933 5157532
8823034 9717079
6198587 8421893
6762281 9285894
9239465 1070506
9471656 8357377
4503724 5803400
1681744 9888057
682642 767369
8497133 3267671
4525651 1951846
7627562 4854563
7055880 6915297
952462 618634
5637361 458164
6216465 4742378
1505224 8353572
9756193 6490894
1668161 4400745
483320 8549066
561383 9408043
7502205 3006044
902707 6068824
4165181 8148803
1920381 5519223
3697453 4789979
2102956 4015741
1170813 2845593
7895674 5910126
6342103 8606061
3710970 9346399
5547800 6668474
9108572 4473094
5151759 5714973
4932759 8128545
2027972 4237485
3783286 1825367
8199131 4354650
3713821 1543887
3169706 6954031
4586273 772107
2853787 8059536
842741 631081
1776629 146816
4471243 7984787
9325761 5972512
8328459 9276704
283712 1915253
175313 9260037
1947812 8337146
9061530 7290018
2682931 9082273
172459 363783
1845750 2116927
286558 8846329
3313135 9488890
1096994 5753920
9465168 1920451
4187143 7892025
605744 1978931
2452567 9164760
9307779 1528386
3789813 8080317
2443332 6488390
9036389 2783331
7771579 8333905
877305 851120
4251380 7554753
4805541 1824578
4520163 7629967
917549 1027098
9458488 6309171
9415673 7815824
3589713 5732083
1420922 9627774
7294529 6516687
2373095 2973069
2341171 4841147
674147 5502676
3183608 2324401
9920221 9937458
776942 3307317
7609929 7966315
4879834 2816958
2797237 2386834
6075960 3989699
1303955 6521302
3365225 9650894
686705 4078557
1423204 1685700
2712921 9893465
282175 8113742
2623263 1573737
4640012 3874799
258699 7223314
5945464 6500643
7590452 9783559
2564072 589794
4152169 869634
413315 4224403
8173022 8421769
8162575 8853946
8445795 6172956
1404878 2259076
1313723 3968060
2963138 5592879
1418436 4766264
8479400 3260311
3468302 252641
3792398 2885191
788058 742759
8771964 69966
4876783 943042
8431157 6576524
4731162 1241107
6130030 9887408
4017222 9504416
3382582 4098289
4020030 4534250
731283 3860240
604319 6293381
4242984 8727907
365885 3986471
1841263 3409943
6365269 4977693
9888537 9206114
3867815 7931103
4825084 254329
7119121 5545203
1012581 677088
4179712 7194052
9029035 2496358
2770661 6429175
3139823 990110
7537571 5985370
4686440 1827219
7643696 8569040
3474149 5762404
2976670 7071800
428324 8170124
9660991 3057729
7483050 7405984
481694 3926953
9193301 7378781
7365740 2918446
1109693 7204533
1178478 2458994
9971406 6220372
2119040 6889074
5673457 3621327
7564999 7310245
4338221 6571623
1523543 7115528
6827460 4513383
6266507 5884517
9849079 3596693
3049461 2163525
7989219 9883310
6420593 2542547
9127417 2036572
5335316 2831398
3002587 4409247
6881180 8337333
1563731 7182182
2301207 4900345
9471063 6112072
9154486 8800151
314134 5000482
4281083 9825962
2230603 2898135
8588477 6278459
1396212 172898
9214238 1351836
1359053 11859
5006229 6776667
2509849 6828865
470566 2221460
2747444 2545815
4341464 807256
5757406 4685788
8200465 4301959
2312215 1847507
3649603 722503
507720 1822707
3150165 6947758
8128177 3778040
7202859 3466434
6190495 7047071
545679 4796960
458156 9249524
460329 2176930
1886242 1034328
2700194 2965244
5735349 1369415
7454907 3157973
6289947 4984927
3978843 1205993
9575844 7216566
8659635 5108910
3669945 8765039
8676296 7632528
8494818 5134659
443322 5296146
2377901 5325649
8018472 764867
4973693 1877215
4931323 9658792
807638 6537830
4138359 7973878
3840880 8010578
9203924 8821874
6767995 6603862
4588705 2844327
669198 3147709
9664721 8750517
668791 5820077
2197569 4290928
1333570 3443447
2251042 8793531
819868 4873096
3920056 9740638
574034 9712282
6148479 907628
8669119 7494390
2661370 7140138
3479686 7064869
5971313 7492460
540972 6854917
1176641 1917605
5044745 5015274
2668170 7168826
7399820 7401281
6712312 4126342
7762253 1892316
5177754 3692796
1327753 4476086
6198748 1688188
2218005 293368
4982726 8715260
3422407 8791069
903434 6614303
2123096 2482498
7409326 4367155
2250227 6887961
6871222 6898323
4575261 5466535
7306569 2885321
2982426 236324
6511020 5207073
7029147 2681030
5910875 5118371
5733937 8420117
5357719 4808919
9600716 482646
2136008 8229186
1391124 7215669
7658864 2313822
7710461 5908684
1765548 2848059
2550493 8965429
2886794 8323548
8344366 3771336
2313811 4016716
5847372 3727153
117074 8594954
9636868 8449398
4989656 8641294
3656754 7519840
3721402 5267969
912293 6854391
1903424 8500199
7177597 2033608
9242224 2921887
4410396 7889788
1294203 9875099
5884728 5296917
9029438 2968874
9673832 1630875
9935415 6123366
448741 7636924
4213745 8727425
2363996 8651819
3520238 7051174
9680938 9936368
20164 723524
6782467 2279055
7999431 2340759
1338269 7641618
9041153 5888474
4010063 4836544
5078726 877920
8134386 2660786
923889 1279535
4968548 4233338
8660822 9134554
1077399 2016417
4649626 3908314
1142415 8232694
780517 9886574
2979831 5448343
4881274 7641358
9211834 2740131
9108116 854105
5395618 8411529
1965083 7411591
8119369 461667
1030950 8949602
6576349 6401339
6562891 3586799
7058348 6786552
9181576 5347449
3515045 5661517
8043024 439316
7957186 1894302
1567716 9798968
4101915 6810412
5702436 1241167
1919417 214697
6913436 8545415
1362003 4884187
3484468 8883993
9882566 6321654
2406098 3148601
7140683 4130284
4185178 4039992
3633497 9449626
2764240 2013283
7388287 9137839
3776972 4932213
100867 1388351
2035467 4124230
5028129 4180264
5700345 20745
2195158 5250696
4452959 175943
570520 582767
2862277 834050
4442810 6821527
8587991 4080213
2325007 5878702
6097216 1491149
2793480 7872406
8254335 9206343
5614329 599947
9813646 5393223
1107092 7861465
5338007 7803317
9678816 9792449
1794737 1354542
9499852 4813009
153876 6540394
5957677 4991666
10488 8394512
3445885 7764897
2506604 1166310
5122180 8536828
4603365 9612157
3687563 1146815
5491108 502383
3288239 9674498
1518089 8385203
3691259 2522321
7936932 1425285
1612642 2919942
4290906 1239660
8225795 224162
1273759 8322592
308830 2282831
903589 9702500
6473455 2799312
6111842 3129559
7806740 2621546
4531506 744781
6031844 191046
7207448 9281589
2901969 425543
9371705 7720929
2468618 1277466
5384717 6062018
7902710 1753275
368913 4700089
1385171 1458006
4869673 90893
3924199 5412430
3719028 5744822
2060484 2939677
762845 6871249
605246 3854468
6866279 2991669
4007549 7114821
7910930 5250990
2507003 6031507
1377084 5670937
5654439 5665980
2430375 8621676
5758584 9114425
8370409 9913386
4775921 321905
6166182 235336
8740813 4571084
4409144 7120885
980832 574631
8007524 2650952
6794150 8002831
383567 2291945
8502228 4892287
7008735 8115954
56142 1239984
1940291 1899114
9256292 9459000
8973757 9433414
7558420 8095647
2265571 2007014
4633239 6357576
6439085 3365487
5022182 1951735
3560321 7992595
5823823 7494890
2359667 5665084
705544 9592898
2757118 8671433
9671872 4819936
1043835 7010509
7588180 8381028
3300861 7186065
2865752 399717
6430812 1313025
3882790 6310785
522462 8798271
6149446 5758030
3914359 1418076
7781811 1263958
58400 918586
2865 838847
7962060 8093417
2715344 5084458
2952233 4425000
9656405 7342221
5828401 3048671
6021362 1200046
2588291 8461823
2015899 6738771
4450864 1123485
6250750 7238988
9784384 7197795
6791210 8715715
8043488 7057568
2637257 6603942
198489 6581643
7495139 5693217
3317836 864590
3971423 3623438
6972940 2994267
3815938 5838817
6125202 7760503
8573341 2388115
622148 4276253
3492409 5887991
7514820 656842
6819484 1902515
6746082 979603
7201728 5183596
1092367 2693499
9894386 4874365
9442803 484150
5745895 5564036
597946 9943276
4796855 938770
651763 4226946
5507237 9969264
4443549 8460638
5707451 483154
8263330 7603326
8180789 964495
9554897 3052136
8528461 4527106
7745919 830911
796202 9639920
5247016 4141088
6439856 5271094
7130171 4090298
9942935 4437732
1519916 2537735
1475061 5329318
9977833 3503761
7465313 2339415
9826735 8084320
2018686 9163871
3304637 3384021
4081117 7823898
2803190 6622146
8693179 4931385
6697071 6629675
4770322 8460895
1081164 9818725
8555885 9396497
8053992 6261737
347549 9362166
3750362 2232975
6138793 3040151
4824698 1256456
6779470 2768873
2970535 3949053
9448033 4478875
990967 3841817
3801625 4579405
8359439 3161733
1830919 2557233
8716644 861710
2422566 3856150
815659 9413848
9737103 5369927
4693411 6111969
1727139 6320781
9795441 3706464
2020280 2952056
7837099 523746
7470097 2978678
1560518 4930977
7867063 4663353
8869565 5649083
4876783 8108674
4254286 1583649
4481750 7541369
899111 1409238
8130444 2749328
1870816 3406718
1691565 5588555
5953080 3161547
62191 5705270
2000709 7082793
625576 8539505
7637156 968792
3918944 2007866
449400 4115875
542974 2290125
4968421 1716527
793508 6868892
4155873 1705010
3134802 2519566
7168283 2197677
6226159 7889461
475860 7335551
8192670 7005949
2310198 5480879
1470335 8554424
6569561 4793760
6815479 5494587
6734396 5882230
5344248 2398358
9704756 4154176
8631461 4596075
7514051 1807917
674084 9312648
2634804 5660152
7046021 4451775
3460686 5218988
1180003 9722314
6865358 5115666
1687456 7257138
5555865 3172989
2943594 9603111
2739702 2598707
3167256 6286945
465468 7286232
1675405 3713074
6916094 265480
1008888 3026576
6330807 1140673
3647247 565940
9518608 3496371
1817066 2992820
1518148 417315
2601535 1213605
1166699 2762585
8857526 8042405
351538 2092712
2030496 9317407
7142811 2608515
28274 5478147
5582655 1737986
9342892 1297532
2338039 6738347
4025971 9955451
8148400 7363022
5612706 3867210
1990461 5392082
2642268 5803141
6023358 5462257
7660473 2049557
7958794 7935146
2110788 1454634
1253889 5683777
5365785 8811509
7137681 6969015
1310483 2056334
1542122 7157736
2072643 4163742
7341967 6478777
3917974 7549496
9345374 7286141
1395383 3099910
7831838 9321822
2298253 3569499
987760 4508200
5567612 264399
4637212 4152046
7836998 8421582
6709417 111413
7614801 5741180
7279391 3393993
3079514 3639892
1976164 2401969
3575932 4105683
9085961 4576609
6864705 789136
5106326 4651610
2282416 2383118
2926671 1152559
9696192 6689905
1171961 6454178
9591160 9819441
9153613 5263341
5310540 1790035
9903699 6779117
1075388 2387584
7989002 7753915
279347 8570772
481038 8854826
4343205 9108555
1744694 3100545
4320584 3315758
6120936 9960369
4440015 9002784
7699778 6565421
4583437 2437647
3327658 7906584
1662717 8257934
3336764 6839159
7985078 1507656
3460391 9407648
9734906 6353750
6524010 9893554
4455010 6557623
9134760 7123435
2125320 9873563
2326998 8818055
929759 164323
1585859 8745526
8744818 3241480
3554805 9312395
3216664 4749778
472286 5619810
8414199 5959682
7997790 6080135
9130081 5059654
7194328 1508657
8948487 9235149
8823446 7680270
6078703 9027883
5554733 9067884
411531 5240734
9263228 4067508
6541754 2584177
9187484 3732428
8629720 5444840
2026760 1522051
9229581 5283589
3884526 7513784
9035243 3429026
7418986 4658479
3457663 7512535
8161858 2819967
4222775 2298889
453654 6790331
9583094 9319667
468305 4946888
539592 4727381
6172416 5304139
3283674 6543606
2085902 2341629
2092165 1430030
8891912 4368963
1651756 8735276
2810306 6991729
196751 386469
2436257 6148461
7400877 5144782
4403634 180415
4455659 2982915
8750864 4651057
1037355 828476
8055922 2195757
3499934 2039358
5681067 6810854
7317021 7388217
2191146 8969787
6011924 1598014
9698052 3289804
3767497 253244
8664445 5421766
8168544 3663807
9733694 7251354
8926180 3878120
1466664 5954729
2331341 3461266
9079309 2905063
4308902 9908364
8908825 3156053
1650157 1813447
98017 950159
9076100 2442119
9704447 9065855
5881903 626282
2804653 271638
9901760 5068680
5244755 8064943
6286211 1930561
4297682 1814190
553386 8946663
1359299 4018441
2297774 3048858
2612184 793686
1425471 9481697
6147261 9181229
5759889 6430132
4300533 4023772
3686336 9975687
6246450 4540672
4066237 338772
7945231 6724744
6646370 2964084
4571153 2349764
9201970 1062850
1462481 8520000
3152489 749553
2376268 7027095
8356363 3954679
1812695 8101710
2852854 7825975
6687432 8080733
1036814 7254707
778152 6001099
1231047 2128805
6058171 2798440
5458306 2219351
1762113 9523308
7859437 8464781
4813143 2977629
7432511 376598
3132162 8997530
4067551 9974906
1045354 7238254
6076334 8067290
2029898 5803147
2025824 5247233
9336462 9501292
7721644 9642366
6854057 6957656
2181011 8053314
6412401 2046877
1443482 4684364
6822120 6514196
5568762 1807010
7959812 7712434
6623704 4818514
9947934 8223342
182886 5876300
7503298 6187407
9570689 4999259
9956626 5583981
5101987 5116987
3980044 7557400
6857239 9980784
7763833 3019709
3476787 2904209
7125725 1414792
2290649 3967682
7958667 825061
5016730 792863
4492033 9004062
4341927 8725821
6627888 6712037
127137 9439677
1438635 6575319
6779055 5951100
3591835 4744431
6538241 4078361
1770554 3080367
9847283 8625626
6555000 4347372
5831959 6552686
3713258 8659521
3335116 1782277
2096851 3378735
3483275 6325404
3806669 6622426
510363 1525111
745545 5782883
4408107 5022837
8737543 1881763
1548699 6756287
7762696 9710607
2280876 2864600
6976719 58666
9028104 437527
5243917 2391727
3098338 4675997
8902505 4890288
5791465 6788057
2509340 3774958
9387367 1172730
1688101 502638
3858763 2581956
6751576 2318327
627882 6965502
1321027 2488178
7700559 1428967
8987730 8413331
3801554 8650959
3243260 5498097
1211675 6835811
9439672 3377956
6780898 376283
1884265 2247705
2388777 2248839
4076493 4887065
9495996 5042076
14985 2582290
1109317 600109
6591898 5203975
4832389 9978834
2373341 3915483
64050 2902420
615600 3496556
8736058 7428490
4589060 4968652
5919538 7534322
1093035 4916324
835034 4290871
4208243 5408555
5702961 3062134
3042722 9521714
1895372 1285791
7524528 8900046
6781692 5122421
7388038 4716169
4035968 9277561
4761389 4266385
4021456 8135751
3017223 2171138
1976635 901041
7649188 7637354
9714131 2983185
8727467 6805182
2506482 146894
7820350 5493883
7938523 7328818
4344684 2984983
6478978 9020961
1766507 701637
3008860 4113413
3405661 6004866
1370283 2583909
3167698 739565
979557 4899535
3935254 8743620
4191163 4038933
4573235 1201509
3147080 1830135
7938475 8493372
8100210 2002142
7858647 2256365
2852465 3667452
6459035 3832573
782338 6186284
2570469 310524
9749485 247500
6060067 1459562
3603442 4334916
3010801 3732375
558133 843588
4880334 876511
1698433 3465265
299034 7895047
4357403 633441
5892341 5939204
4889598 8065429
737626 8920049
9982653 1828175
3023154 5080739
2100456 1118644
5373683 688539
6257623 9783334
3845735 3946581
1219369 8801493
371733 2491255
9825852 6888635
7641059 1075656
8841573 448426
5548545 7613753
3403382 7772814
6647421 2278635
4667507 8974787
8574458 9651807
7255741 8095679
654826 7702879
7134156 6262775
564504 5922494
7960758 2840743
644230 1542762
6182097 9008589
1847351 4526468
894298 1586495
3636080 5802085
9186535 9423351
3767155 8968515
1249407 8385614
78332 5243641
1439907 6182642
1757384 2608474
634223 7377321
1454586 7819083
4757058 616507
1825369 7112677
5289407 46528
3569639 863295
83764 4279010
7396695 2884908
2517519 298860
1338013 2217370
8068707 668504
3939797 3356596
7858269 5778141
8488617 4097486
7118135 5052248
835691 9809304
9750433 5945832
6433951 2668217
9177578 1833132
1878441 215119
3623308 2410920
4688419 2233266
812379 2855499
3858368 149805
212608 792627
989575 311721
612677 485305
9176106 3208126
9546755 170848
1468954 5999769
8433160 2129973
478592 6868711
162198 8088176
4323049 4367023
2395284 7765004
3060205 7940422
383454 3911803
5464397 8370292
1185115 2832069
6284123 833772
120383 3497879
658906 5044400
1994205 3940283
5811087 6020151
3525675 9277114
8749956 4826156
6879044 7624491
7682111 2276748
4232694 5174974
6139695 9647285
1864944 4984449
2177937 233072
2172214 2084642
400646 6996333
4359190 2728478
7416975 2512177
9286149 467500
8999938 6840305
2471267 9387329
5106367 7629856
1344400 8149111
3417153 5412645
4928196 2539036
7359487 4842094
7396593 5872049
8850030 945053
9389522 6415286
139776 5885878
6063466 4001984
9310862 4382276
4424830 4144873
532021 6019847
2991087 3261607
5352358 4232074
387032 8336824
1346679 7356745
1549958 9803104
9575145 625573
5026169 6311811
5213852 5073047
1917331 2480069
6231389 2760358
3337643 4679888
5921771 610587
9929836 1776977
1245752 8917823
5895541 699662
5188256 5129056
5746384 7107506
3888794 9100296
5461530 9243426
773586 6084057
7325821 8112371
3328944 1920060
5395754 750953
2536683 8298637
1559056 6900334
9474224 1154367
7077833 476302
9104561 6986729
8087666 7656618
3779008 4228096
2696713 424350
4905197 8480314
2449343 2374008
2615559 8258570
7337311 1594861
1411445 7841838
686465 4956975
823137 2459289
1432670 8457849
4958508 7921497
2274164 98929
573449 6288125
4733905 7234580
3005463 8352858
8095406 4453046
9148399 6786680
6315513 9694460
1682155 1469526
398202 6781202
6346429 3934430
7386257 5822997
397808 5466502
1954887 1094809
8612188 2637626
736895 1781023
6593614 5751835
9750951 830233
3468950 878248
725112 9814270
5349964 3461652
5292871 3224273
9034349 6182179
1991121 7395960
2971123 789240
4263876 3690578
8820391 1690414
306030 4780916
5949250 9449426
422133 6727975
5115234 8056365
8510624 2349911
7075682 7368567
6672814 9099611
8454995 2727447
8579621 7048881
7976737 7875877
2957636 5761871
3728322 2383456
846524 9046575
5002861 3589992
1202068 5709891
3664141 429763
3136680 7889384
9269840 9924066
170644 2243844
5162843 9196755
9554589 9050310
9104791 3473797
8184459 8345242
9273433 8005884
1483611 8552216
6780825 7850077
7692475 4111433
3215108 1503921
9470436 2428748
6561092 8520033
4191416 5512093
2734921 7536421
1661777 4153985
5651561 3884422
3447341 8393189
7503890 900348
6155122 2486915
540690 4486360
4550967 3216226
9498820 588773
7066552 6327688
2143910 6424826
5655623 8672682
6782834 4691652
403104 3876867
7990405 727217
150995 6230341
