100 174
1 2
1 3
1 4
1 5
5 6
1 7
1 8
6 9
2 10
5 11
3 12
8 13
3 14
1 15
4 16
13 17
17 18
12 19
10 20
13 21
21 22
22 23
4 24
18 25
19 26
20 27
5 28
2 29
22 30
15 31
19 32
3 33
13 34
16 35
7 36
21 37
26 38
15 39
16 40
38 41
19 42
23 43
6 44
9 45
32 46
5 47
4 48
13 49
15 50
30 51
38 52
23 53
45 54
6 55
24 56
12 57
2 58
31 59
57 60
7 61
20 62
61 63
34 64
11 65
51 66
19 67
22 68
51 69
25 70
25 71
45 72
48 73
37 74
62 75
48 76
2 77
30 78
24 79
71 80
41 81
56 82
65 83
13 84
69 85
4 86
30 87
3 88
49 89
34 90
27 91
83 92
17 93
61 94
88 95
23 96
27 97
79 98
36 99
47 100
47 22
87 93
88 74
41 3
43 66
77 27
79 67
66 95
22 10
24 15
100 11
2 81
32 58
13 46
77 53
34 51
66 92
57 63
41 31
54 39
97 93
37 23
2 77
60 59
31 54
55 94
90 26
75 34
74 96
40 60
21 78
50 85
99 68
45 14
98 35
31 87
8 24
88 26
74 52
56 22
90 16
78 26
3 73
21 84
15 58
3 61
98 93
23 95
46 50
19 73
74 61
95 33
14 35
37 7
31 76
65 13
71 100
27 90
56 94
58 32
21 8
27 29
29 64
78 40
19 22
20 8
17 27
27 56
5 81
30 19
41 33
88 87
30 1
78 10
95 42
98
1 35
33 79
86 96
64 27
41 82
51 96
35 7
47 2
29 20
80 87
25 40
46 48
96 35
1 84
27 34
1 42
79 89
6 100
2 53
64 5
81 79
63 34
47 24
43 49
19 74
94 70
33 60
40 62
20 42
30 4
88 84
58 50
82 58
51 37
93 46
78 41
68 38
100 63
15 12
73 55
58 41
76 12
63 1
11 34
100 83
9 3
53 56
43 1
23 36
48 15
49 93
84 18
10 35
91 54
56 84
93 65
71 36
98 92
48 91
91 95
71 78
78 57
95 96
46 72
5 66
29 94
76 5
32 77
72 30
88 16
28 78
73 47
9 59
19 23
63 31
48 98
65 91
29 77
29 43
68 58
29 72
45 45
53 98
76 54
81 27
91 69
73 7
8 28
52 94
84 32
28 47
85 54
75 7
74 52
15 73
9 80
90 94
2 45
