402
3213 2051
26946 18451
27558 10701
31208 6738
13712 8786
17611 30356
23369 11758
9955 20416
9896 18278
26361 27724
13276 2947
6841 1795
7957 32768
25096 27909
14977 16807
27800 15631
24698 23990
32185 11260
13822 23175
25202 29324
29023 13168
3536 18533
31035 19433
20350 4183
28591 7660
22678 6628
32200 10146
695 7168
29498 23611
3416 19733
3669 7197
17755 15434
52 30786
19173 20485
312 17627
26990 3502
2485 16186
13844 3767
746 19182
26677 18137
1079 2608
8252 32672
28810 21886
4283 11561
2075 22149
15803 43
16985 19012
18000 22836
1059 11887
27760 309
1596 24081
20228 19265
32761 24950
2624 914
27197 30024
12848 20429
28327 3320
23444 25734
22282 21599
9966 13319
4382 29862
473 31309
6773 8291
4764 19028
26800 11012
511 149
8690 12145
5982 16076
14741 2541
23291 21758
17692 10557
12952 15291
7529 31501
11334 929
8241 30607
27512 24097
9644 4197
27739 9094
32401 1729
4458 31282
3649 27851
12093 811
21826 22083
2721 12247
32752 31847
31982 9476
19823 22807
12949 20267
25316 32055
14329 3062
24293 9813
18560 3327
16686 22411
5097 22491
31381 31143
28128 1879
14656 18058
7119 12801
17685 974
13560 6635
114 20652
18625 2475
24862 2844
16206 678
30080 4157
10325 8335
18959 23544
27694 22058
17162 19424
4906 26454
15977 2397
5926 17482
4627 24330
29536 10783
14929 32091
26249 11407
19587 29315
6939 3324
530 22933
10732 691
28581 1257
11012 22643
15512 10177
18603 809
28330 17196
2247 5630
7669 23083
16485 14227
9508 12563
26006 31883
8672 7218
13180 19275
22923 8629
21668 11517
22065 29385
1942 12251
20411 1
29099 16042
13670 11512
5151 4484
27508 26423
5991 7131
4386 9305
24773 7099
25305 2925
9753 11855
3240 19867
29690 3495
242 29195
23045 23480
10084 6402
12661 7845
30762 31310
12789 21053
22371 8933
18610 12996
17618 13769
26035 9462
13270 13358
13165 24393
8092 4319
27794 14451
12179 4830
17451 16172
32 19274
5094 32565
25492 8838
17585 6041
12123 16536
9607 1587
26997 21711
9354 19568
27179 169
7763 20822
17914 27123
14214 9413
5076 14386
29865 2045
25480 322
1078 24417
30846 26941
28398 29051
7335 31135
8817 5951
8116 29607
2572 16788
22150 8704
10706 30736
12006 28064
28654 13571
11127 14833
12343 17080
23528 19502
32261 32247
9582 16912
22595 8654
28530 23467
23494 146
2183 7314
28637 20000
22430 2114
8490 24424
11645 32190
7856 813
19053 30326
3372 22534
27699 11373
9385 17321
30786 27547
19535 28520
5679 4753
10364 28156
20069 1627
20246 28290
282 7594
5663 8387
18818 18227
12425 11960
8514 28498
3404 28494
22567 26867
11447 13926
13336 23986
24579 26144
19785 2369
10030 9561
31410 17418
8455 24434
25280 8470
16773 29011
1098 9006
16988 10160
19398 19776
466 29323
2237 4612
17359 29179
22396 26334
2356 16427
21261 32263
29038 7333
9061 27624
23115 23761
15327 15302
12812 17848
24041 14244
12219 13070
13309 26469
26047 12144
6356 2866
25261 25066
24278 5403
21601 29884
11220 26113
24910 22878
15609 20915
11282 3521
9982 11863
13645 18136
26270 29452
4020 9303
21834 10701
6753 20923
22045 14488
13677 14474
20242 17872
9409 10204
17013 15329
5417 5402
7319 12322
30635 23046
2502 12543
10006 5115
26748 16215
3037 2166
11223 30499
12838 13014
16969 11097
1567 24416
21649 30992
10897 30598
28906 5604
7607 25449
30338 23964
8272 9372
21805 25354
4851 3627
30043 2099
15779 15836
23624 25008
13731 15028
24690 26964
21899 23741
592 17423
31644 25095
15681 7954
593 21741
25795 26676
10038 10137
25061 26005
21501 10443
25855 28801
32207 13781
24480 22423
3808 19947
23240 11306
3654 27289
32087 32487
31243 16789
22214 20408
1921 21431
16917 13545
15829 27974
29956 32138
7911 31605
3974 21268
21081 23341
16243 7759
1767 1293
19581 13170
32246 15024
8293 2444
30063 6446
8047 292
25549 13541
25875 32284
14965 8825
14581 22748
8774 4377
20503 27308
26226 23044
11853 14688
396 10572
15346 1595
226 9178
25562 17422
12812 11955
19847 14496
20165 15226
1952 19794
6906 15925
13982 21251
10529 12372
7113 15666
14540 17647
2147 6242
25470 12879
4387 16323
3005 13488
5605 5646
17000 11845
29087 17841
5707 2173
26263 19500
497 14981
6867 21691
27577 6414
14545 9781
27692 21328
2169 10292
20110 16718
5200 17270
32691 26460
12014 8579
24341 21215
27826 3984
9763 13397
26036 2212
23003 23189
21499 11001
31386 29527
25073 7333
26163 13558
15635 9081
8255 21877
16621 29738
29877 29377
20038 31918
10427 20533
8856 11753
11707 3427
17347 2185
2744 14866
21505 28975
28643 27523
25117 4047
10345 14073
2528 15961
24208 13687
30925 19097
26114 29900
11022 3932
104 31181
29869 10452
20539 14306
11015 18493
28119 8644
638 27329
21202 14212
29807 30617
3979 13776
16740 2422
32518 19058
