5000
1298313 2447010
3023938 4902943
3919135 7249389
7466146 8038446
8859862 4855999
621527 2100568
49881 1377831
2353172 6686722
1503425 8636295
782886 5466776
355172 789289
4352957 9185993
915375 179597
7214370 1271720
9039515 5901295
6808200 8116260
5714368 682479
3686238 1160102
6065908 1702238
6325164 7266417
9417215 7741287
8314852 1113259
7636979 3795686
5463433 7338074
3683854 2715939
4039139 7155640
2401642 6242951
5638757 337583
1768981 2841463
7133915 9301543
2442818 5573474
8499188 9155038
1148183 2636037
2854999 1537617
2707490 2680983
4948674 8757992
4455165 8354602
2509444 6469136
4150209 3980015
824372 1971079
9701923 6485197
9693673 5172772
8983615 9765829
1103292 4753824
4409037 3383865
5231523 3549721
9931929 700251
291527 9287129
23328 446668
689608 1318801
8207143 597637
7552528 2390550
9164464 4912296
6211394 5969076
194543 6831014
1496776 2848234
6702343 9107864
6705207 6996554
6031222 1956944
8577794 7292061
6330809 9378906
9650073 2458629
3294788 1167563
6949923 7989870
1847660 9716657
506806 5175814
7444982 6031795
3041973 1534637
6415292 1417518
7755382 5050279
5561329 1090616
261934 1219667
173314 2566793
1329118 2858428
7287967 3719083
7607320 3470403
4339067 3216495
4871154 9017993
8636323 5356861
9542993 8372653
8539952 1929495
1039628 4255648
2954155 380613
3742914 2447167
6539949 9542943
7262090 3473197
3268004 894740
8206101 1060226
6900000 3606234
6309330 8169867
7007898 829795
5821182 4019568
144885 7458174
7864617 7321695
4744862 7810581
7027392 3540725
7137175 7387878
9790619 6897870
8082214 4791788
7171338 7845212
8191195 5402896
1158243 8361301
6865054 3764919
4439634 5592390
3548078 9310613
573690 5173619
8766347 4440411
3665455 6295724
7219221 8621065
5328471 4228280
4363197 6084624
2794765 4207336
4811376 2318391
3831218 6209022
785703 8334307
9953214 9981110
4586762 9627235
5380192 1610509
6395164 6153664
6472481 4571377
8397022 2038237
6999755 1002860
6711086 3614667
3317159 4877937
8682306 2781396
2800260 6048071
467037 5441889
4482731 3904548
3956617 6454897
7286510 2334430
8175514 2442150
1868445 7649492
3907979 1940338
3557522 2354579
2903506 7511115
289213 9379581
3445797 2434499
6647556 1459446
2759943 4581407
9178140 3184077
7925312 3252906
1063739 6739110
1580612 6642084
7963907 2780382
7605989 636036
1575283 468879
1410963 6744826
8322172 6943037
4767616 3143521
9616388 5784792
4434529 4485000
5316311 3234339
8375868 8249830
9611246 4141216
5131874 6745896
135087 7522065
8849251 8855903
9717996 9063539
9009268 1073550
804260 204398
633660 5322444
9472276 8394257
8944366 6402506
2952847 2641882
2733774 8033062
1258828 7253420
9025539 3062812
3776918 9314475
550241 4557506
2781364 6676155
7029711 1657361
6410159 9388453
2351586 3695687
2370993 5055712
5148463 3236334
1789615 2650300
5679110 224434
1924661 7551347
1232880 1345502
9568209 4242795
6129110 8081331
9431026 4161422
5892210 7491338
3691547 1401212
1144433 3732204
8668319 2013872
3702095 5793499
9337286 2481425
2098239 7592026
5382307 8967963
2905827 3442872
6529976 7554559
3685023 4531970
4343716 9232419
2579847 5750762
4668715 2815416
1384738 5332667
7653475 9390252
4346664 4427334
1727269 214784
8640617 23595
8198966 2051468
2148892 2572752
6465944 4578269
9843486 1479257
3882677 4600120
5597678 8046645
3730714 4385905
3886363 3485698
4833466 6707627
6122628 382679
408396 9782780
4197352 1956091
9503367 7856112
9367899 7134829
8256905 2977261
9641048 6816703
720062 1865958
4758107 8286534
4594434 7161132
6549065 6001224
941789 222889
1702354 6406307
284033 2600488
6933830 6587012
8623150 3322876
5885692 2542089
7110141 5436513
819295 854758
5017669 9002907
1237482 2572142
8378406 2620188
2499593 2693828
1717395 8444821
172693 5023973
3652412 5768520
8221205 3189525
4402343 5726872
6156842 3010017
4757467 2426045
9663648 3826635
6225978 4090162
764041 3629150
1215773 5669633
8003546 7304240
7969338 9445849
692653 9171789
6639693 2388773
2240038 4280651
4400972 1264700
73852 3894671
7401261 2240295
2501534 6344886
2998644 5220787
8369790 3104080
2476654 6542968
7675165 8121219
3018902 4521285
1471485 5633116
177329 8926241
7584855 342866
2648889 1858481
3487487 7236759
490238 7049312
1532434 1312199
1111234 9252024
103654 1714990
1532478 5583242
572036 2649750
5657764 8011528
3018973 5843602
8739986 2604188
9213594 5893821
2009723 1658876
6503747 9215998
8713057 8725245
3337685 8947499
9329683 9744829
7106150 5453615
9200780 3658872
6220529 4897889
853036 5771705
3684322 353918
2525882 9399336
2020032 1955026
5462578 4518952
6698473 6198366
4547104 24955
9556645 7291592
1299961 4173553
4142306 2959584
9918284 711392
6912376 964563
6759624 7174307
3048589 4930033
4025416 8739438
6269555 9553695
2609443 1461503
1603371 156389
4466630 587755
4805508 8449421
989395 6084122
5193389 7568288
7847607 8257311
8303364 5273905
3746995 7004330
3969048 8685111
9521418 772684
9124496 1960718
3515743 6982428
4480968 7708242
1072129 965327
7469620 5503631
4027378 1338813
2700527 7432393
1965585 4920361
2370718 2903415
2401406 602360
9151437 9827289
8273004 9852277
3779485 5063326
4154825 9253440
3867448 1650794
8947865 896427
6868729 4414317
6655848 8174208
8134159 3814685
140236 9310613
4807848 6197365
8054814 4187304
3523261 3046517
7476708 4995623
4374324 17284
6499180 1202252
2942914 7204684
6273811 1024293
9013342 2377973
9894333 7806590
9119282 4495869
9787486 9956026
788951 7040647
9082540 6610707
4185515 1801926
1135476 4493084
1424859 8717439
5100103 6861945
4144437 6908334
165087 377341
5012724 3900757
7501812 3676839
1498958 2734261
5390711 1467102
9721873 3424874
9906320 9410622
121586 5274233
346116 6606873
962306 7650836
4472523 3710884
877318 807417
8459306 2518234
3580277 5266023
2289724 4222074
8065395 6264591
9115933 5655427
954705 4221597
808083 1969037
6782 9652721
274329 9557270
8831960 8845063
3956785 4547770
2036196 1914433
4900809 1432243
3419686 5092401
9942700 6927897
3681125 9800639
4558910 6438237
3897382 1537425
8260998 942091
779251 9972812
7613826 2135809
6488194 9625372
3250377 491534
4752034 7462531
5816504 1252283
2989914 9467882
9142598 6064432
816612 3253221
1322813 6383762
7648940 6365725
9511320 5479156
6465452 1049755
2049635 196258
270154 1132339
8797272 5132942
1448601 8632741
4704676 760030
3887713 532743
4507941 9541773
2278463 4174223
8238297 4274402
2249187 4782951
9783287 6463022
8754906 9521114
6742997 4255036
6755262 5374804
933846 3106982
181676 3018090
1885138 8698397
721198 2580195
4765663 8031393
1103921 3101735
557788 6251859
3937 4988505
9418076 5943556
4247731 2579602
8643131 4750299
3039651 833568
5869969 6128788
7147678 1077627
3275949 3298650
1759633 7768063
2375463 2177295
9776299 4141951
9201970 1766934
5574736 5806356
2005722 3776070
169924 7232241
2557385 3070424
812070 7580426
6093381 2861449
3018172 5778971
2186279 3679490
6809737 6161367
9476484 9633220
9734116 2963720
6186240 3905560
5412574 4087161
1614227 9052090
7825699 7647718
4834684 7842769
3122822 4609347
4331362 6847723
790560 1241307
5012117 4799973
5026412 5756655
8256061 3460569
6973324 6673118
4195721 9888110
1182160 2987839
9031007 3796461
3051721 3975918
450486 6039726
67903 3340598
7815093 1921429
319203 5480723
8478779 9063725
3338922 5779651
4185326 9423033
4717602 9609146
7943532 9232118
9453615 9226143
1998999 8960100
8430509 7588436
6212068 4168697
2934601 3365217
6959667 2049002
6447955 4303860
9726841 7909760
9608490 906067
9016858 222694
5394122 5531955
1593172 5546052
1388222 4308316
6749443 2025267
9724895 2646401
13507 9371186
9828711 9720054
5183264 8377589
2831874 2506427
3761713 346489
6907565 4017652
8324963 7154100
7986368 7806678
8923755 7485329
3387622 6162123
8428037 8666210
405254 5910153
8081070 1446864
4125044 7281610
1337033 2885275
7222597 8441788
9297202 7590191
3145540 2023213
889943 4802166
7847262 2292602
6849499 175567
9609856 7773724
4091052 3682431
3654802 5324788
3918716 8871226
9610814 7814066
539103 8926873
8770858 8123305
9548594 8757274
6660746 4495782
1730927 2033875
7742858 749072
2906160 4699359
236851 8500166
1201013 6698601
8523139 4358346
3380135 8891903
5505022 440757
4884965 4839650
5632203 3451747
6901245 1847855
2754328 220165
7291519 8957930
3590834 9357900
6547936 5120373
1418775 6509603
1253170 9480520
4042736 5301556
2050446 6506475
5308758 7279184
8969562 3339479
5347600 1508965
7837208 1841768
9948476 3814392
6906215 5475171
7135557 8291470
9507873 8776572
9654979 2601858
7458418 6340551
5305221 1666293
9360699 8644795
4838455 7705386
603493 5682226
5058105 5095172
7280063 4096106
4622570 5548772
3024889 9305864
9371201 4818538
6490247 6261576
2555040 4682004
493898 9353840
1569046 7003762
6108545 834637
4744739 26880
1015851 2684582
6502281 2666976
2546800 9129430
451826 5416669
2931713 51369
5896568 3377669
4154432 7109290
7855912 1772360
9231991 7381260
6291186 6214645
6090312 3603553
2876003 9220445
6465305 400862
7406613 4395457
7124569 8346461
4410688 3424136
5354383 6461600
4691277 7728113
256150 8106695
1490556 7141323
7356909 9017824
2620425 3596914
6212504 8275381
2763342 6789315
6047343 8233410
8219167 8356735
2915050 3373836
3414870 3250556
2116009 580765
9431870 7142101
1106528 4422933
36502 3996448
4620390 6410605
4058814 9570381
4295030 1412030
6080097 9077333
5534370 8198621
8913611 9713191
1287312 3323932
100630 9505945
3591858 8301856
909740 1191419
745117 338129
8961991 2455124
1925021 9551121
5836165 549898
4931623 1294537
9693865 3656355
8500215 8666997
5988878 4034979
7136231 7106139
2458817 9360297
8896408 3451574
3308744 25321
2818128 8632411
2946350 5341755
1263188 4419996
3316649 6182469
267935 5624919
1752712 2879489
7442186 1175922
8659474 6184690
1552161 4148145
9863401 6693189
4279011 4396803
1533950 6888512
105682 9730941
7478632 4861101
2114854 6405712
1136235 1787490
1690931 2071258
3673800 8607388
9265924 4639319
2413839 5561250
3273381 6171328
9635088 6600920
5977099 7310339
7266845 4012731
6222823 2583973
4009346 5635987
5493977 1371025
3515546 4701899
8891643 3878810
3433854 2790152
7962637 4825995
4436376 3727289
9343502 1735073
847927 3403381
1243970 9678836
2885464 9816605
8724842 1019582
303375 5857780
1793325 9479693
9038466 8765461
5985417 25660
558860 3898832
9318882 8437541
4014155 8340752
2998013 1831388
8520368 3595155
2042860 8293206
5734555 2313079
6405888 1586367
7940151 2914680
8186979 3646981
7114361 8623706
6844255 3060338
1287596 4877257
1814220 2949568
3398805 1249182
524130 1983504
3838508 2712212
6371525 1293576
1495971 3343047
6430976 3980308
1862960 519956
1472036 6229731
4371285 6936118
5898186 9299973
9044699 8147907
9677311 9282212
1024899 4934822
1193575 3323992
1632533 443236
4421355 3869388
101634 6707808
7778566 9277239
3256572 6681692
6115299 3364402
7866943 5051333
2767198 804966
5442267 2905335
9964700 467232
2042776 8777953
2400283 4563811
4869853 1108046
9283437 8271943
3989384 6898104
4409136 8226920
1386829 4388204
8109154 1111297
8514921 3593114
1427322 4085706
3255606 1695031
9531428 9283770
8664456 9872965
2949208 6307217
5750906 3395838
7596041 2143062
9917745 4774892
2854428 5658777
8958292 1702455
4924678 5074268
5955110 1063028
2325046 778989
3771248 5823277
710731 4300270
9891771 3236609
3728786 703904
4521596 1017885
4075995 6535690
6824241 2430364
741057 5117071
5930619 1963559
3642822 6674237
9301369 8281644
436576 7679643
7652588 6912132
8399533 9401311
7743443 2229755
9418635 3675985
4281558 5596795
9267143 6711061
407854 9316900
1029929 8483863
2353356 1582635
9118948 8296748
3609245 1946876
4965367 4710910
8248332 192197
9121540 7159404
4166674 5397460
6575092 363344
7491690 1310684
603247 7889906
1889157 5775235
6764088 2988222
3495895 1888467
8549441 1788544
5233219 6362991
5459756 6867837
9241692 1402372
5189269 1113529
3255382 9830631
2387478 7749359
980016 8469061
7749043 9155513
1031493 8111048
4981224 9366805
56264 2543780
3335436 1824087
3182487 1207683
2806119 7802357
3546864 57848
5393775 344903
7586283 8383019
6011735 4569891
5972898 4703256
5399555 342237
2320183 5642241
5916695 7569694
3684034 3239213
4536926 9585642
8037215 7855349
1484475 7964646
1573387 4617831
5193219 5608640
5526305 8703732
3057968 2108410
8933067 3294999
8797429 1876892
8359053 4807030
7563365 2598473
3849 6111092
8656329 4472415
673972 8152148
4841742 646363
50780 8568587
9927070 1851592
759939 1381402
5501354 7944523
9199779 8151593
1090620 1193131
583467 7059960
8437039 6916580
3662625 6434371
8183620 5110878
2022040 8798158
2840974 5950303
3985417 341942
940289 6863869
6263572 2409806
439418 6489585
9150753 5480643
9021066 8615851
6340896 4697851
3863396 343044
2431841 3375935
2422525 1707881
2216464 7218278
4294587 8000113
8808479 2983056
5130716 1500540
4651902 571207
9566891 9123445
6375646 3735084
5130059 5772141
5712825 3204682
1986148 3353774
2128813 8656656
6486831 1127979
1717000 9447233
257722 164805
3384951 1870867
9594535 1539609
3495510 6493138
4499028 9656927
3745911 7945818
3180760 1844983
8017718 2009696
545636 9119674
939968 3456814
1518896 9934372
6775558 8517509
3661423 8482384
4715672 4050454
2616292 4277104
5880718 878443
9778799 3465697
7143011 5317243
6369357 9830541
9225465 5115949
6788167 2667511
9420127 2863410
8506324 805127
3907440 2711505
1831596 6413708
6266099 441407
5482092 8227274
7673320 8356946
1173420 1919144
2249402 5047777
7827722 824153
4943498 5408229
4667036 8405473
1382443 1624995
23564 4504707
7920667 7207850
3433960 6181361
2335973 3367611
931106 9571996
3217275 4875718
3085696 6108361
7122131 4872275
9901074 5112467
7184673 1334429
307722 8952581
6079279 6949014
2119237 3556067
3460908 4419331
4103561 9139017
2470205 3486962
4813767 4965360
6053973 5680709
1921782 7414661
4986827 5399849
898487 673201
5105501 3013624
133915 2147405
9031872 8704518
299435 9048526
3113842 613866
7806302 1411537
9729003 3853756
5892956 7392774
6381684 2308390
7121873 5754913
5375995 6177428
6198756 2575204
7369839 9695843
7155250 1344426
3070627 4100985
2690494 8642776
6335249 4455866
5528042 3612186
2555262 1058925
1898926 6464105
1482491 1155658
3723384 6553350
4477514 1575175
4542652 2680458
1942902 9168869
2650185 3815520
9808799 8340701
6460695 9113519
9401517 6918927
5524619 2754481
6377475 5910758
9337525 2252927
6921175 6497416
7274576 4308763
2900461 8705127
8677892 7388954
1412261 9376024
9084055 7991010
3781277 1604328
8311092 6185486
1119342 1487581
8275816 5628304
8455232 4662906
9529077 7494288
7567868 7386373
5812210 5054774
422726 723716
3139600 8322751
4821564 7143975
4035674 5402607
1790762 5655048
69524 4615802
8435338 5238357
538007 872979
6004698 375481
8200165 8814452
166500 8638677
203647 9114727
7751546 3042430
441742 3103345
5052706 7745898
927394 4521169
7493316 3876183
1446836 7142168
124490 9035594
6449220 6360483
1560887 3338689
7147707 560345
3292259 5833184
3194894 907093
9656018 190733
4205602 2339498
8337520 268065
5660773 3990798
8458881 4162013
7457825 9234544
7972701 1094805
4035480 2204122
3394641 4500112
9316369 3265106
7574794 8890045
9637681 6226447
9175646 706945
4732260 6877718
8350809 9871305
7982161 664802
251838 433993
5676964 3762257
3466474 2175233
4504307 5479117
150281 5130340
9556787 3283838
5475631 6570106
2549716 444537
5359165 8719946
2478854 4898364
8572088 9873252
4382682 2414951
8814689 8288252
6249777 1959535
3972919 9549336
4335467 2221393
2185925 4386815
1114114 5311265
1571143 3200062
5505108 5865647
4583966 213890
7512196 7613675
3223098 325874
7536037 2572373
6388612 206282
1442160 2619211
1923965 3590080
4400078 9956154
6654942 9845263
4038671 9698110
3855748 6723602
8616970 5897929
4738558 251546
4001881 2953554
1963061 2218975
8704733 6630294
1235040 6647835
3076754 187758
8817881 6129979
9205580 4584847
3850666 9982755
7543902 8146571
1836219 2206980
2793154 4045126
8135819 792281
1156276 190276
9970278 5607338
5621582 1221043
5057339 1761067
5273085 1461103
4330774 4481540
6429454 1298420
2887823 9284163
1325204 1358005
8165791 5357772
6974260 5381351
1484335 4935641
9825377 8446652
2534904 6763245
7544213 7300209
7053766 5340434
8209272 5442677
5368952 1616780
9806744 4843183
3443291 2365529
7162333 4264177
5235860 3786314
224502 894270
615895 9066647
3862928 2140766
3605910 702414
9519810 4888325
3881272 7029128
502980 1191450
7913842 3895726
6142080 1261676
8025394 2170574
6671378 7279720
9059162 3677553
9158032 3910320
3027701 3277316
8695578 6252529
1404181 4229108
2364954 9690092
8405917 1231082
2157235 3056570
2828529 3976547
6292133 2262444
517347 7755165
5889200 6698460
5198287 945019
3001175 6204327
6262567 599214
5662983 5396407
1524560 7890388
8057193 7323800
9443555 3871320
6378723 3056980
3470640 4879182
8163497 1815510
6993571 1459673
1097644 7816481
3824648 7316274
8283198 5066390
5246349 7962811
4829953 875500
3688762 2363232
1921 5461025
7690505 9696365
5025783 3763720
9480758 664905
1078695 9869945
1231564 461994
1838185 4486997
9342732 8498976
2838020 8023599
7383770 4442383
1904139 207307
891783 2849967
2060924 6176341
9142155 5820951
9667294 1206048
6208178 1599810
5738418 3236956
2954704 7837364
6293377 1957180
615408 4405756
988952 7648104
1318260 7622349
9992791 6956587
2140007 8962863
4415846 4394125
5702947 135280
7467710 1190211
1923626 5836899
4094292 9083374
3275635 5219071
7358368 8313125
7365449 2354716
2964652 2708638
9327312 9145538
9620825 9423479
4638902 189138
2336922 6589213
3457927 4308861
6625570 6133941
9938472 174887
7867336 4725454
4478069 6827040
2127155 9582071
8364425 9437945
3727062 3161217
3743035 3656305
2873634 7727795
5527074 1422482
6256204 418380
8796069 877843
8934753 1894297
3188864 9702130
647681 63616
1827389 5954851
4883906 1787264
5658319 277650
3561730 1489607
5250007 6766088
2669066 5576005
3667216 3564277
5857441 937470
3320621 5568609
6004325 9055269
8265229 4419141
2512009 8766334
4220095 7664979
6874274 9219901
1271122 3385209
7250510 7537429
5862558 2285622
3588142 7362380
3985676 6493622
5189511 6519088
5918947 2592203
1762720 6202
8715680 231700
8112122 7757448
7707027 2946449
5594376 4303385
3527682 7247808
1292016 162315
2758746 1735107
3164967 2053941
7629656 8855622
8944608 8743039
5248603 2004274
9498255 4574089
9335379 1912498
7518156 3785312
5334460 4437717
4755521 4651941
9881299 300041
8126524 2624732
736248 9506751
5865240 8832125
378329 8986039
5493316 3641485
2997942 6643818
7511741 6365579
2944547 5681677
4194429 9018383
727070 9300848
143128 7731575
7790452 250539
6428704 7416393
6856589 9801715
6835208 2607512
3742238 8813408
3280208 4471914
5382584 8057434
8044645 2437422
7820526 6167935
3023135 4695130
4810392 9610124
2159547 9139240
6896357 4882518
2354586 7696833
3080600 2278347
866006 1602581
3454659 7859151
5206900 7493049
4505172 5099560
1760909 7587473
6285854 1623550
9557102 9840134
9413835 1211195
536062 4487272
8756578 2419307
9235934 8601923
2219858 3411794
6474943 3974539
1809084 2101702
7433193 1922405
4332058 7458231
7131408 3963956
3447196 3220372
8111239 2792169
3144808 2645024
578986 6220417
5134097 118106
1422081 3565224
8591049 6576165
7384143 402398
1210087 9073047
6458024 4539776
9437014 5471719
1300597 5649890
2836698 2115400
9974402 5423811
1172174 5697808
2862831 4208644
3297140 7700786
8513162 4293473
2555949 6327152
7897004 8232488
3816425 9066240
8968905 8908320
1994814 1649208
1028210 5750886
3395578 9169912
2387221 9739837
2932886 9239999
8768246 9605663
7320641 6614649
3910625 693914
506330 7053475
1957810 3805413
1701977 8381779
3116737 2315092
4228323 3366543
8875158 2133670
932824 3376617
6488359 9529813
9321710 2742649
8139976 9535294
7127424 8797116
3775327 3612402
2599264 4248159
3720730 2574012
6376799 9684923
2360056 3359179
595556 4568099
1040134 5546647
3470285 3248349
2041319 5903076
3488090 9895913
2644986 5537919
3683612 3791139
1052075 847504
6673117 2619810
5387772 9490739
7838607 1349130
776291 2701594
331354 5814434
644388 1998299
310514 1835232
7550146 6204262
9837074 1733661
3680403 5382061
8508214 2809520
2228868 7548899
7749851 2023183
721312 8762562
8373192 4720037
9396592 2950417
9179327 8314074
7566804 2210117
8443273 613315
4181584 2546058
2872426 2299612
8903301 2321949
9654749 1826308
2954653 8656299
1716863 376008
5181840 4246681
9237990 9828638
7813841 3223398
3153464 3391640
2526545 1704973
7065868 173368
4449259 2587068
4407076 1343210
4190956 1307924
5823508 2307413
8585256 1812114
2351931 8429001
7205740 8895801
61628 5633721
1568729 5032714
197538 4770368
1592938 6932753
4965339 9758137
2508570 1924085
6899458 6366728
2340469 7761178
7858284 6562062
5580779 7876377
8584605 7871608
4364141 5875583
8549882 8841379
7289739 9420658
6550669 9015442
1426526 2026617
9578703 2253005
2203996 6569919
5706421 7279705
925420 4888350
4855919 9797317
4553190 3394080
2335033 4023019
7440631 3121561
9730164 1106254
2206225 3306043
4783116 9841579
5740531 2703807
8657338 9341545
1725818 5780618
8471292 6036802
4730771 9071443
3250834 737503
5307387 5857673
7868059 5341568
4742351 512135
4198433 451184
6098206 2504498
3708186 9438618
6585840 7630828
4320284 5004300
9788061 9011167
854894 2831911
5891765 2700445
1844175 7281580
795189 604825
2083504 5191278
1407994 8044176
6323061 5176968
3829129 78857
2858288 6511720
7636266 7356054
1833872 8195544
9914030 6937721
4101111 4130724
9629023 502118
8027436 6502337
494770 1406517
9153884 9129301
683115 8906575
4137559 1906931
4442279 7620956
1197989 8839809
6973311 4171216
5155648 5019591
6295259 5239335
1006368 2756765
470198 4176081
9918762 8082120
4828285 7773979
3109474 444830
5257465 9606810
8086208 3775536
7727904 2477821
4641136 3382608
2071123 4210029
8554877 5979307
8358021 4178635
5153375 5799039
5469571 7524947
8514539 3610916
8320708 658411
4151423 6387428
7037707 3600373
8560898 7225461
7151227 6009893
5260470 6469486
408073 364305
2030108 1590037
2240681 6330727
6929024 3066032
2858746 1098725
3554761 1863626
2453974 193602
9591694 9344564
5639370 4780356
284642 9704684
8359726 8000300
162726 117596
9326264 6079138
5617972 9951098
612645 4397854
5551534 7870066
5862808 8161799
2626268 3284157
4303958 1098634
9201747 1561994
8983291 8417749
421955 8573270
5081179 668289
826262 7219157
9751467 2615733
477589 8182613
4664781 547732
5825675 4053361
7208726 4898728
6365536 2018003
3980143 554480
1309116 1755870
4648062 4839340
8770473 8377467
6186462 4839251
3644981 6817761
7319408 9230450
3471511 8047287
4462108 7762691
7990351 7780137
256335 1107948
4079637 5724933
4412278 6296413
4566219 6847244
4916508 4130767
5959422 8770828
4951912 6525441
1710215 9944205
5964182 3164879
9763969 3026131
4973695 2732347
4770037 1404837
2396425 7278448
2067281 3698903
7441476 8354498
8838182 8957292
2462833 4497138
1014636 6072412
3642833 191240
8992058 7783884
9337331 8739934
9396691 5010526
5024289 4189931
5044819 4522770
9460657 8713762
3198429 1877986
1257417 7667915
8762337 8264051
7820415 1576759
6239557 8102620
6291027 1769136
9685437 2658679
2918514 3463558
7548224 2480369
4153381 7920565
9446641 480685
451258 4904527
3175545 6285396
187057 9367652
7774880 546828
2932030 4629003
1257766 7762095
6381917 8546838
7252380 522146
8116782 2588575
5244944 8230229
2004026 3343158
7881373 7476005
9561198 5582146
6075671 7898452
8833895 2036403
3868178 4764180
3385502 1007688
9194533 1019059
481777 1655701
7798694 5162204
5863546 4156035
2585602 2529174
7541675 1547407
3537262 8665222
5319433 2476059
4434848 5518495
7873853 8485759
7224939 4073990
7251196 9426364
5350335 9789837
8822630 6197940
2501243 1630647
872626 3643625
7919903 5441661
1683845 2840161
2678317 8242284
8606644 8352694
9127827 5413520
517802 1998549
8761747 7705999
464521 2047937
13486 3294369
9265475 3809333
128690 6005119
8013941 7079258
1024538 555569
6111491 3140886
1769842 7466281
504735 3171756
8492184 2491824
6616096 6135738
2026745 6943696
9099381 2115675
6528880 8733563
2438746 1971417
1777319 1573650
1974533 2834063
3147623 7776927
9321513 3095642
5667785 4776762
9260388 6345506
4346634 4474779
8577010 8747354
5863973 8126715
9091717 5411844
8006246 7706952
3655242 3802562
8544426 711350
6075520 8452400
2183456 3555350
5965037 4595711
6691811 4335322
2879254 7483698
1225901 5843865
5853934 630263
3699502 2867506
3420658 7097377
9211890 6440167
3574314 5081720
6771023 2938815
3105263 6849208
9846883 4563647
9601148 6425566
3378988 1668520
5725206 4482255
7683753 3233154
6428800 5361807
6074925 2149740
9995235 4029681
6324970 8305964
5058979 6001268
3088500 662856
80630 3248294
2332226 91118
5972259 3708648
1740656 4590576
3184294 9613093
2500342 7638735
5660522 4516686
371820 7977121
1288795 679305
5509150 8917737
6248198 3713165
5562998 848762
9379717 6830102
6054825 2558795
8356284 1469489
4833995 5780886
8629237 6765143
6099806 1118971
7392362 8747957
1991220 5639254
9803233 3829663
6335454 9619395
8414675 6236146
4436524 6830614
1346030 6193150
9991835 8553914
7958709 7069996
8970055 2816671
6126484 1637495
5199449 4535411
493640 8595398
3278862 8888727
4347486 3388702
7424546 7709986
775779 4067424
6479642 3196738
4962197 8910274
5151237 5128016
1740520 7806613
8481613 6776566
3309024 3669470
3647840 3082729
2446733 8289653
2892946 4673828
1723811 6146261
4859776 728966
1665532 7206382
6463323 6747676
9144770 8533156
3668046 778559
5151317 7283398
7608248 669835
7438841 5469537
4798354 2341801
4808085 5647780
6719416 4161865
8390828 9547656
6041573 5102359
5973627 5168132
2919509 6059043
2423207 6808216
5803593 1566342
321911 6727895
9942089 5102271
7181325 4186173
3204718 7129703
8824569 8026944
3741601 142665
4915302 758126
4769209 5004138
1341753 7761336
7641115 6908259
7996019 8611209
6914438 182215
3813323 2697109
4828874 4188079
8506035 8983796
7910796 6952183
9472490 7282847
244129 5409735
4072374 7631177
8845174 8435778
9103167 285973
8950734 8149361
8704384 9057403
7991414 5401488
9156996 6580019
2761152 7208549
2039525 5226414
5688472 9813542
5218208 3773468
5849727 4058120
1463200 6566473
1285061 9639760
332464 6086250
1279149 8071905
697890 4407335
5971046 5012490
1210874 8788344
8478705 1631230
9092102 7852681
9262445 2563773
8835851 9771901
34510 6439802
8583837 5898660
9014725 4509126
7474931 7498380
3243234 1525171
8458333 1262866
5498168 8261505
5503690 6759186
647506 3760463
7198928 7921333
7335342 2992913
6794338 2199512
1974907 3594532
7616333 4957035
3030734 3754472
2210722 5395728
2197376 1793898
7649947 5278506
1476942 959845
4067339 4852175
4963773 1934523
3749255 4710100
7753009 3412806
4629315 6929950
6683688 1892284
8396489 1602545
9623751 9326058
9451968 2668850
123192 4114924
1011604 9830611
9610937 6775018
9524096 3252570
4444108 9278750
1338968 9284087
5731171 5778854
6908413 8313247
4108887 6511000
4543554 882079
9226424 5878467
7400428 3585733
7957508 9545920
6842512 5004684
6638111 9202741
8844536 2625078
7948893 1076065
9695044 6047516
8493074 9692253
3884926 3796204
9511869 1201869
1952360 318786
7395245 3022678
5842008 3687685
4134604 9409198
3286561 8685507
2388357 5042633
3325861 6159584
3921488 5341792
2374806 9136261
6361848 2618519
3143537 551024
3470228 9512871
4137728 1122409
1576357 9261380
9878259 9658199
7508075 8225943
498534 4848388
419610 8666660
3000501 2862328
9225272 920446
9893704 9750512
3805556 6442096
355905 8328007
4828721 5230631
9287619 6943342
2438904 5766539
4566584 4599288
7271447 6045723
8904065 2530203
5592278 8339395
521084 7816632
4189354 1514009
1825299 6914509
6022700 3004348
6500464 2856082
30095 5814403
5154997 3633469
7400522 8945450
865561 8541318
1336432 8370649
5903890 9991681
9730225 3173974
5353804 6934417
2308588 2486336
7347054 3363662
1847750 8571399
2906761 2899310
9729962 2762278
858302 6617289
9249978 2377375
1176096 2329801
4749553 5036838
3052929 5457495
890637 2814609
6676868 621812
4751588 9885362
7031927 8974460
3495577 5745194
165822 9425573
6541749 4507078
6359764 7350097
2880227 1910851
2494073 9544647
4998683 1897150
6632344 5812552
7158739 4999940
3487578 2082902
880222 812146
2914107 6621878
3665547 7495832
8486827 5192775
9935112 3716487
7247988 3288629
2227826 7434465
4038482 8498110
2881216 1127425
9611479 1296210
2687079 4700755
5107632 4179221
1358173 5313422
7017777 538381
5918553 2000007
6361789 6097297
8088874 8782715
7232460 4191250
4973222 6377576
1331193 5351377
9130354 5852524
52830 5412952
8401963 9593983
7606743 3792180
483407 126946
2319550 777319
3203184 9767436
400432 9134502
7077173 8361420
9147488 4730589
3506195 3498044
6715610 3197234
3580994 7920125
7707167 7552987
5309880 3628023
5156051 2215979
299853 7412331
9812816 505951
7408260 5166350
8142577 9873005
7462853 5674068
4558690 4600869
8614944 8155533
7979658 7468987
7443361 5856307
9310197 6342537
6061665 2613988
4179700 5597329
3894976 8565613
954538 9538905
3371803 3642692
7794152 705701
5448769 733758
6742496 5376561
1442425 4765188
3282921 3726392
179918 4550271
1880858 9925168
3471102 5728554
4336793 4559003
7512530 8169432
4516425 7159022
8880147 4054870
3881924 1945473
1887349 2504482
7299493 3116083
1593381 9421264
6465690 5185294
3342673 2251624
9723802 6738885
1699086 7521168
5863351 6139208
8178382 3872080
6971983 9567508
7524217 8711492
3646258 9625344
9950093 6805021
2196852 8472127
8939917 3129006
5417038 8037731
5471650 5436105
1556910 7609970
9643485 5905997
4033942 2871480
2193371 7068010
7253355 7246828
7090871 7268339
6200302 1767310
1555053 1470362
9135772 6704124
5190259 3372018
663180 122044
3552828 9199661
3686958 2544515
1595435 7872117
842089 4891847
2891037 9949872
2590530 3461926
6544895 5343706
6616690 4330613
5937550 8021082
6533891 3386210
4471716 7958524
9866271 4859346
7116347 5051478
9979574 184970
4335615 825448
3500693 8881300
7959529 1872696
6235657 2499413
9308061 2704334
3639669 5601341
3102120 4491041
7781956 1772535
2247487 1754707
9613058 4132734
5406171 9631322
118105 7932343
8350421 8666771
7016906 9363348
6180588 1150070
5377437 2496784
7965881 804658
9702785 9293024
7593198 2960791
7915284 39926
50723 6454182
650023 2916493
155657 2249840
1594125 5158172
5346357 1820641
1555173 6582915
8858524 3722850
2092713 9297942
2494910 7875653
5919970 8243139
699732 2422092
2732816 4506627
1244853 4579853
12345 2039084
7529953 3694577
4227829 8644410
2030053 8091455
5874575 6491130
4219966 6891615
8386916 2584315
8465009 370247
7982972 6841843
8185454 9417565
9580181 3931964
1002339 5077248
9242451 9010981
3706735 4701092
536120 9036315
3577539 2886140
1757093 2591552
9409121 7195011
3740052 1698505
2607032 9817575
1907308 6933274
4882074 615012
5048687 8288986
1919879 9394529
5704279 6727936
8701041 3449655
6106843 2094322
9008789 2360939
9494434 5466588
2782965 1022028
8608040 4483403
8703819 333296
4226984 3171139
3827114 7953439
8363718 6495310
1482898 1127097
7283979 1271491
3741169 3179658
6138590 9038234
2015955 6445636
6977081 3174616
2154289 5469076
5457599 2249690
8012806 4052899
7650719 905649
5880139 6291074
9754525 7692029
4627073 2177708
3310699 1639070
7605660 9505659
802723 2749683
3153740 9175226
9444396 8209506
1128771 4342522
6897166 5542347
5755905 4163259
8773794 1660668
644195 5613973
4465098 840312
6694556 2605274
380849 8436608
7848139 8436873
2422638 2794639
4519233 3782980
4620045 3594521
2840322 1093939
7358074 796582
2684579 8184441
7095646 4664630
4619716 8868411
8528183 1927340
6877673 9416226
7541443 9526012
5831321 4373268
6368835 9590458
9337765 5616751
7215657 9023816
2521799 1355126
7395100 4395038
2347172 3666536
8599731 2818368
7647490 1401877
1569788 6449012
4307554 188146
7655269 2917761
5633888 3080881
6350000 638027
6562364 5325141
1085096 74760
1279645 6411592
6427207 2862650
4693751 2246058
7324446 623867
5679913 3729332
1859430 8772626
3632604 2069753
726829 1330619
9608444 8759467
1425252 2564797
6015896 2983070
807130 2364337
7253119 4504685
5521898 4221330
9372768 7673749
217240 3856080
5349253 5442826
926650 8527178
2368637 3305016
8528469 1976103
910523 56487
4648793 6505599
6721326 9607674
3917402 7900893
8164330 760184
7187431 2454644
1579971 4445436
3925353 960759
2452569 4667841
8755216 6838850
3633230 4510397
8247256 4865887
1494511 2617376
8662035 2646468
3954398 2518588
8575589 9941517
1000036 6296283
7113229 3331252
8259895 8210767
6569543 9141612
5917349 1864805
3691693 4781791
4687898 1526392
5037505 7578283
9382178 1717852
8982231 2361191
9543791 2399202
7403828 7134630
9414006 804981
4717211 5568080
8619064 1256066
9121159 9471577
882239 7619225
5428537 5633430
7633686 9313457
5618627 1498814
8449505 8932485
2741629 2535996
565568 1569542
4086083 6225633
2486886 5930395
3264590 3351577
1052034 6741743
3458359 6270261
3722862 202270
6073321 953512
3600414 2843867
6688267 3976627
7435502 4983196
387442 5869909
3056218 5368791
7544570 846476
5276650 5892308
1890880 297112
9227403 6127287
3629234 1939209
5380406 4788056
3146238 9819927
9356382 539336
3866113 2857356
9682158 3981330
506774 1978243
5182936 2933442
1430492 1571662
8382920 2464265
6877027 3524297
4936105 797189
8002750 2754205
7307629 9655206
9595041 7326319
7831642 8816258
5679471 2315950
9463164 9202358
3869359 1757699
3974973 3968529
9408835 33275
7423844 1913845
9172838 3344288
248430 4113227
5984859 1990144
1628013 7623018
2228933 2885258
1566430 4974332
6164749 2088123
9638536 9080232
3320820 2068325
4561801 8877107
7161818 8598693
4207781 1252285
5375044 6941547
7513806 3102351
2418405 6132389
9070443 1722051
3905732 177584
2344300 2768947
6877143 985063
4751137 7684149
1353319 5721088
4518724 9440622
7410939 6276672
121485 8790001
9996563 9351965
8998300 431099
8965902 5925742
495946 5242554
1234670 7372368
520217 9057357
7387202 6150255
467731 7733865
8920744 6039859
3586326 6277324
9373653 259716
1274384 8947542
5888938 8097670
3202637 4158354
3622961 6680665
3901922 9691558
3948564 1247720
844371 3319861
1489648 9285945
532053 9787168
9924420 2993781
7090645 2813535
3032023 455905
3548324 2963050
8233676 7060969
2962568 9835121
2163568 7607014
9778386 5532927
1640142 9668917
441780 7209921
8474298 3976222
9742673 5441806
7837623 9091762
9458619 9144406
2585791 3895670
9555788 8118119
3346535 7352380
1872256 265534
6396847 1722055
6682659 6399027
74209 3881877
9816406 9895051
6559817 7967983
1109475 2699386
4524498 4145177
1162513 5967361
8116864 1494371
4122073 9994377
8487169 761403
1669958 8376920
1263531 6864812
6462358 7775184
8516030 8324623
1326845 1084413
2776603 2430953
7607146 88422
2753265 4866592
2884273 8505828
2297808 5464937
5208215 3276339
6220879 1362666
3899272 9404777
8851776 2017344
1391997 9623883
1339162 2879731
1815917 3370801
5208662 7105521
3320487 2825866
1332054 7083484
5811932 1799576
7582470 1413102
74866 7961885
7470940 8588259
8263575 5012135
8693952 7122962
6649159 7675416
3344028 8593268
4859173 3478582
5092512 699212
5315419 5816973
7217385 3616146
2810861 9298508
6224494 7593207
3438538 5558701
1322283 2082857
7453242 5948276
2031665 4314760
7105071 6827380
6445598 4786836
4963837 6250916
6017866 636320
6636501 9275859
5987506 3663046
7973760 2323942
1746248 7955040
9746830 5012878
28338 1564247
233020 1849710
5973407 5044959
15753 3264598
2821472 2200238
3621177 4415164
4106964 2245349
8211878 5238849
3461422 8727035
66032 2337048
5996989 7114367
6913362 7489255
5371728 4015009
6196334 2461231
7237088 5337108
3556718 9339054
3369887 2639171
8024968 6650822
8901670 5938164
7408795 3157396
9653781 8936501
414938 1519156
7537562 6962798
5236817 5003510
5049204 9380186
9370918 9165598
6832154 3727033
9721115 613505
5395043 1101585
5085669 7036825
4717387 921276
8188711 3027954
843337 2832454
2977515 8660520
9314763 1552320
6317780 4406379
8790532 3741477
7650889 2941889
4491036 2830478
1022714 3974335
7179469 7838575
75757 5867635
807292 9746228
1138618 6878108
9716526 9845878
1627522 7276711
5349617 9431880
8187345 4857977
8684755 4779608
8828359 8381549
7112229 6136249
605888 6343987
8255362 4096545
1436639 7672106
5613361 9569367
3383991 8571830
9420845 9464936
9111448 8886505
7064000 2333658
418697 9682076
5253674 2378316
8191994 5546597
6510427 5445851
5647000 7442871
8834315 302729
8265902 1016868
3808564 593433
6432675 8875457
3131910 3139722
8700374 4721947
8746930 2045523
2189206 1264609
9483399 9123211
9245790 7931298
1770557 8599857
198955 7824961
9782911 1150530
3263579 3991387
7942029 3906570
6787040 4453812
1824509 7065236
7436350 504537
7786246 8998097
4420762 7331100
4201441 1975084
1023876 3995480
7191354 7260463
309050 3640171
2893528 3556616
8307277 7204058
4163500 3298418
4174875 3821536
9834608 7686278
4561995 3384174
5223494 4616869
3326730 3813573
6651946 3415426
4380718 7081216
4254588 4350820
6785979 8861525
831214 94750
5074983 3311446
1293886 2350595
3665247 2984637
4968787 3944509
6624252 1141507
3101109 5452536
1769171 1061972
538302 9000950
5843668 1032228
387451 8993468
2580160 8069997
7779910 2599795
5239334 1015098
4463553 4410413
9653343 9987526
7790979 1817342
9536885 3165736
4371190 7972967
1940348 5591878
956637 6742841
1716391 13067
4562427 2368373
8143210 7016670
596000 8476387
2313896 6678604
3574739 2130839
7979707 5719801
3877680 1158015
5432306 5760126
3573627 8096235
5936347 6765209
5597176 2944738
2138353 6345387
3590473 2894407
6655823 7766998
192482 3098883
4949114 3493305
7519027 5738235
2582340 4235284
4887307 8478764
7296338 4150307
964183 9498886
7784504 8123868
6560257 4356278
6054214 6423480
9625330 1097052
3429337 6229266
8857131 4186071
3005194 2187809
6374823 8307982
1511499 4943313
5168581 7393844
3590325 9191134
1727988 3477199
1057109 4722525
5350174 2208867
7100774 6558423
9315658 8338740
5125961 4727062
7213876 5833648
3925406 1115241
2035459 8513542
377507 3522480
8289693 4355165
9425618 2724300
8389582 6314734
2067992 9711024
4483478 8306656
1838084 7285801
7426199 9619017
324329 2085698
6733842 8791554
2604948 2243643
9126477 5607118
1362744 276403
2889450 3227620
1625918 8116
6969678 9508665
6102715 419279
9444729 2331040
7075900 2118680
1159631 6149841
1999814 973178
3788726 6373055
2497915 6391810
394931 881865
5740436 7051549
7206315 568578
3457167 5008572
1432740 685580
9176599 8534908
7610346 8090463
9595054 182518
6902626 6836643
158359 7095139
6914948 8606232
6164384 8834251
8819621 1438599
734474 1897016
4211021 8333232
9501882 5384542
8924641 2080635
5573830 2259885
322840 6720231
3459561 6630501
9259214 8268858
5401772 5264532
1355841 3905073
3623878 6834041
1895812 9967231
1283358 41737
4927689 8212112
2250286 11179
3864086 1939178
4745606 1709972
6890686 6218640
2750258 7704019
5658909 7455610
6496176 3581782
4384790 3465273
8194469 7366826
1764347 3879503
9859510 3333379
6273491 9810
5318107 3161427
8513095 9456412
181891 8613987
6590606 3980737
958150 9070488
6298098 1116529
4944675 5591296
4278822 4861264
1713913 7139312
3080826 5243119
2083516 9800880
9403300 1764620
6646088 2121079
6447273 5796805
9022649 2897838
2221379 2045961
9938983 1733799
5400228 6818327
3108632 3959360
35783 3921731
4423540 4029204
2496758 9904755
7465037 9201672
1570476 8307790
3246112 372922
2136145 4381806
454167 156816
7988979 4025311
4003992 119141
4961677 7046786
9779012 7744232
4128238 857680
4743292 1125298
5640018 5935056
462128 6032161
6888481 8691742
4436993 1433037
3634898 8170233
4302057 8298594
1122625 2837746
6608056 1927875
3760713 2450959
6374378 2420530
8582878 464235
2413418 2757655
9056410 692335
9677157 7347737
341751 1649469
2156716 3938403
8163678 4733351
9291239 9305728
7788380 7009034
8241799 8292914
6223813 504331
2817241 1541708
5144245 309846
4077047 4948922
3357367 4524970
7626943 2166312
2120110 4004224
8326694 4072218
2916882 3438216
117535 8204814
8096963 207721
756989 3911758
2915392 8793035
1957517 223600
6945511 1160230
4794507 3250000
9582499 7126705
814167 5422026
8277411 3542372
5979631 1134727
9898466 5878918
356124 504560
9848826 876442
3160089 8892352
2610453 1527645
5297410 6438214
9952253 8835964
8042485 2891596
8599191 9658797
464022 6384498
839439 9294499
7013130 2591454
2990242 1727470
2779609 7770918
8506540 2178094
2129631 8491231
5619955 3398764
9380007 7891809
2373159 8945889
9176165 1594087
522268 1936129
3630955 7839141
7482370 1131817
2837978 8869564
3236708 9083086
8345534 9165645
6398163 9994310
7497514 8168024
4059463 773316
5789549 3526
3560903 2091174
8244494 9713933
9781301 4537148
458598 6168400
9270081 931504
9312780 6026131
5193987 8869545
3524124 2979380
5718369 1702674
9504519 9010866
8714234 380236
9621925 1162069
2749636 7325004
7889589 883110
2201565 8537253
145438 8778077
3616865 9236164
9345678 1718621
2390817 3923686
5789060 4509099
8338127 743381
8174800 1950958
3531785 7417181
5874542 2548246
4974107 7518729
3676140 5978874
7047590 7279007
6738212 8210502
6091965 9147592
6202857 9307885
7338762 2141446
23839 1888648
339309 5819606
6718270 1815656
5886483 576542
524792 9913297
9000858 8580102
2985087 3332634
6536779 7431269
9239097 6582151
8240928 7625059
4038440 5856957
2532383 6914369
1221377 7977569
3177591 5670089
9663640 3219592
1390270 6104431
6484690 9616030
7114116 9649178
2675018 7634553
138506 1530707
8220240 453383
7245153 6468476
3762807 3076739
1039080 7276537
9611726 1749435
67555 2748192
7355737 2020298
1527782 9233964
1111785 1167725
8334894 5566846
1952417 8481268
9117826 4105983
9997594 4331211
5263949 2145922
3964246 9722260
8447223 7558939
1175871 3794387
9298533 6485918
4687318 6191115
6424209 3475936
2661747 5576063
1898177 5318519
3615414 9876190
6513099 8511498
2993037 125687
2227809 3667280
5712039 7336284
6179350 3961012
878843 6786779
635141 2817324
2386254 672198
648165 8975304
6743053 2954088
1543153 6329526
3122351 177008
6273625 2180888
110234 5439062
967309 6108630
6403535 1638351
2662993 2712841
2345707 8994805
3818361 4612855
1396120 682312
9751145 915316
6465917 2752803
3217724 9745261
7622682 1626905
4095853 2956859
208482 8382626
8154234 2252670
967570 3396941
8786409 1439235
8844953 3617849
7212052 64575
5723813 3028835
506552 6609433
1012337 548397
1846361 9930763
3324279 9331044
8450708 1055092
8930528 3596974
7012449 4490052
1357410 4052464
1793094 7818596
4149226 4018614
8089944 9328292
8711343 9956423
6886741 9409706
2003794 6954914
1619770 1242107
687234 1609478
7896729 1581516
136609 9516427
6335114 3425319
1461092 7669417
9158926 142308
4980008 67329
4714085 2376415
8586 9905500
3039781 611554
8133001 5521835
9937762 4008190
9580658 6650569
3320420 2181729
9961299 3573003
2698578 6445334
8152967 7466298
9534672 242205
2777285 2194257
1831187 1097789
6906607 7140670
3167516 7133311
3608738 2623806
6132667 2609840
5417343 4027511
9507034 9021127
3399780 1293893
5276785 3817432
2143807 2902167
2100342 3954159
8872382 8074348
4395856 1766928
7016648 7497165
7271996 4100703
5584244 8004333
6733601 6033571
5748900 8514727
1764410 5696895
3302656 6355635
4972760 7073881
5001303 2959188
6490492 8000973
4700761 1770689
2618888 32980
3788050 4576925
3869665 4028134
4842074 4953919
8977473 5812849
1064202 1054707
8863194 9368491
7153538 3965114
8353876 6169074
8506727 802913
8546263 1331354
2600443 7109612
721395 6792175
7334247 1998364
2135247 9725357
3031689 8735833
5826404 4512856
3283359 5770476
8855986 8775636
9343711 7867754
4635661 6727080
664011 5262022
4308230 9633517
6827003 8481341
3210923 5182170
8204436 9320298
3099331 5053129
1139908 4595863
5869573 2825549
4581644 1256169
9900937 2999343
333789 3142772
6393108 6484718
3173750 2956015
4595820 9739786
5533425 4666233
618619 1065542
9467753 130976
9333819 2784021
8956067 7511301
6937514 4165466
6683008 9854013
3560819 4521288
8810289 5196402
6671662 6902914
1854172 2528753
6744967 7225514
7427491 1677995
2358665 1560716
7648200 9320874
5323545 4745412
8898980 927846
9092464 4261755
8779318 322500
8701393 529162
6448174 5880862
6410875 4614884
8274585 844723
2041447 8384039
6479140 6287840
1177545 1526917
8213397 709616
4731996 3149560
7344725 193844
9153546 3231838
868367 6432306
6645625 7399601
1206920 8105427
3567011 4693311
3712868 6588291
693769 6787662
6906812 8712325
3747911 9985266
4727792 2718338
6469278 4675066
3761083 4585430
2375574 7971119
3109098 621472
4516854 2561167
7770145 193098
1719588 6339718
3723968 5845170
9882621 7768287
1719593 6213604
3125437 9075230
902310 4184336
8073315 6509263
8566357 4186924
4195057 3158241
1299250 8996481
5773269 1242596
2776936 2601615
7027799 3610316
1036874 2027299
6532573 2186712
7617537 6570178
9839447 6517775
6265228 4615006
6549225 8279248
8005659 7539875
5390314 4340775
1314399 2698763
3503246 5769902
8392229 7695481
4340286 9838497
1308513 9179157
6343755 8161742
4631874 1819067
2067941 6865044
9815971 400117
4147770 2824443
4289228 16099
8227730 4901924
8786821 4841859
557156 9599717
1920030 5501750
3557193 9062375
4062841 2339908
2488219 5526298
8228816 8332104
7763005 4884318
5565415 2883573
7063833 3874732
2607248 5253543
2655447 4827807
3768888 9120968
6466853 7713344
3541294 5629417
7532874 389894
2622633 2273536
1546731 2046462
775783 7099984
7774406 1008610
9903535 1920304
1938890 9874953
69171 659220
9236284 1382111
8342511 3102145
1116731 7436434
9099424 7802370
88915 6321404
6434121 3880914
6636809 3630090
4068314 4756992
6945562 5948517
1095783 4225129
6244661 7975827
1989700 6415758
5352394 3545764
3785105 6412742
1090013 1604721
966124 2465745
523799 6340982
1916680 158713
7421688 3249756
2679685 1246176
6033321 9856509
7446294 8580835
337867 3192890
1423246 6308069
7066291 6982785
9407594 1080391
8253867 3955635
5795618 5220370
9557581 4874721
7110707 9182075
3940403 2294804
8876084 3162939
5350184 5036529
5954424 318402
1839029 8671637
5710331 7130953
573158 2664768
7138027 6948345
9254158 9320404
1394801 6199323
3925076 3804617
6446008 3413637
8609272 1808140
5082710 940755
5804042 428936
853585 271453
8298986 2643976
2029156 1490475
7826548 7783365
2637330 4273379
5659865 4102294
7940634 2258882
4969530 798214
1095844 8722854
9340259 677772
738859 7906878
338718 4193787
138696 3793747
7821221 4013892
7834167 5609042
1009402 1702263
9127195 3929506
1933075 308742
9554667 5685244
1375978 5823986
4457342 2975072
4671429 3331
4640418 5322886
2180132 2925834
5065229 2827633
4487061 3852070
9182840 2484859
2589985 5987825
4689946 183650
6664582 4351208
6135840 1813465
9682725 4555336
6732277 2968602
1332961 4036101
1226536 9211682
3269471 1436355
4682936 6771122
2861356 8950780
5289975 9501889
1614932 1883134
1431034 2110055
3243109 9298366
4777229 3943765
7798052 4470940
8081386 6031496
4288098 3229559
9236663 811667
7012686 9876860
9258280 675195
8133845 7330231
5522621 9657146
4898094 8262110
9897948 2807220
4705647 2159905
444702 8434472
430024 3840596
6120924 5853574
9706075 128371
5941124 760260
4617160 4084704
5716828 9990419
8128658 6227359
2503755 9804228
9829749 3840167
2645566 6636031
5962814 6598350
9450321 5261863
1855761 1909177
371158 8556362
2423485 933337
982897 4522738
1014322 9336537
2271937 2257229
4917074 5615026
4467586 3303373
2825132 1588108
2347828 2532483
7231849 9824774
2897439 721593
7615499 5191184
7939100 8990510
829825 9117983
7225307 9882517
205328 1676145
3848278 6236193
4239763 8633918
8920409 6045995
2450714 2185021
7173534 9603601
1471762 5100635
8835008 5154175
9694625 5201218
5088358 8953083
1864392 9046198
6954813 9472109
5668164 3312656
3928815 324042
5740085 1393298
828097 9009705
7674500 5618434
442620 9889564
1008001 3239854
560991 4585772
3466521 9188752
5603792 6241564
8544036 4361818
9107396 3769386
4643470 7800456
6977843 9038631
9313814 2271409
6768016 7495108
6074547 7473024
9798325 9325997
8051035 8558147
1731278 7673593
8671433 2168447
5374773 437831
4029110 745098
8875609 4578852
5551718 437058
4309013 3888425
7148296 5836471
3577043 5192738
7462392 3878231
7271225 8384631
9614424 9217200
4744476 1255499
3930809 5112294
1676096 7913418
4918175 789689
1954814 1569572
1334306 4056926
3658507 5394742
7786799 5470177
6131785 1022711
8341454 1919970
5171723 6098532
938402 1677637
2051482 6119564
731066 1201987
6272469 9905844
7338813 7329990
9787481 1108465
9985733 2718222
5529030 5320890
7741424 3527646
4013257 3274763
6660592 7561133
5854655 2212930
6091967 5763025
6321453 7535362
5159649 9759013
518757 6646454
3305244 2218141
5741432 6899559
3614549 4612299
7669076 4497769
607110 8391813
4271483 8464466
5815776 4037954
1349873 2277688
6546867 8671328
1138336 9505052
877730 2678073
4552278 2977191
8054375 3461528
2935375 1074756
3849078 1874243
3351090 6247206
2179129 6917780
55200 7916536
7079361 8196125
2509404 5345274
3733759 1783111
2684863 8130179
685090 3509989
8229720 1821908
6771951 1098944
7312741 8397578
9446409 8114866
5907802 2727963
5653686 4766055
9808742 2785525
8492810 8028052
1391644 7771912
9240583 8398415
1300932 9751534
7728913 5971003
1795683 2462056
2236575 2688573
5673499 2681574
2169034 8149186
5834455 6255070
873037 8878842
1104101 4962226
2760132 7124136
7479093 48400
703593 3449926
1753321 4597578
7228784 6622680
7716126 2998085
9106583 2326709
770007 3873461
326502 4146614
6574083 9714826
4039387 1282039
1781416 9910810
6085553 2821362
4207106 7909707
8602560 3028157
1733624 1944886
7438508 8827074
6934273 409357
9204568 1555349
5515670 8279685
8555985 948542
8719360 4981088
3766828 4332597
5921077 4059205
1222175 2636614
8485622 6006724
9099458 4282821
1232526 1554192
8549822 2197605
8718612 8507474
1131857 9480503
9576027 4641988
3774065 4373337
7425084 59378
7153538 757428
9392864 419137
6813909 1089832
6759874 4528677
7616018 6738682
4956206 1800587
6597105 9821667
82095 8914199
6642453 9499190
1456494 1608278
9196505 9134978
876191 396872
384699 2333202
5050208 1028816
2230606 227494
7872469 5007836
3186039 885890
1775243 1985087
9289991 6555476
8014964 4084329
7867495 2869365
5178326 668858
2357891 3240532
8901102 3096622
1785983 7283759
8394358 6872335
7083388 8514547
8625267 8818643
7357431 4041711
3803585 1085168
213704 8238559
8654160 1970750
1704940 1429685
8107495 8435317
49039 992491
7987562 9061350
2964085 2398230
6301953 6618186
3238894 8896407
8286566 7164413
6570465 7689273
2766848 446071
6162641 2375258
5986394 1071217
1297085 748222
1859544 6074787
8128106 9799244
2030937 516908
4142545 2266431
513084 1588814
4850006 74596
8230284 6749911
269544 9360749
6503491 7994800
2289766 6550358
7114853 7460344
616727 1424566
3705651 7628679
7575652 7736420
3624617 2870954
7058240 2549454
7471195 6458090
1887581 3054355
196184 6375719
4596270 6775632
1615590 1763598
4894636 5187021
9558542 3353373
882757 6778361
5375740 5920203
9507666 3802306
4552466 4596692
8201944 1465446
7398454 1228986
9746790 2781745
7046148 6194396
2258665 7256369
929881 8632818
2627640 9737986
2390469 940834
2665125 6778158
4721722 5222790
5613444 5742972
9208053 4961978
351999 6583776
8198164 7502175
779119 2462791
9065409 4288480
1600621 5101087
2738747 8571333
2468727 1992653
6681915 2017625
339663 7012553
1842437 1805456
1931744 1430566
6137692 9243001
9664589 1321008
8098098 5668525
670019 3047630
3614347 6973113
8371059 3733672
5709327 4797269
4638884 8283252
2388703 52145
1161729 8981703
3124937 5486146
2234154 9920664
312263 5210809
2894307 2036767
7229069 7382632
5642033 7548555
6363233 6186737
5253004 6128461
5978951 462047
4143613 2877311
8505834 4673043
8635401 6068614
3226042 3357744
9318418 4478627
4426754 60317
9650669 7740776
4189616 8480135
7211991 505681
2885854 1770334
382913 1505723
580320 9364324
349878 1622953
1732448 1259285
9016434 2249234
2403626 3686997
3680541 1676703
4011944 5181538
5213464 6481250
2352411 390204
7391852 8703146
996671 807243
7680248 2821196
3301332 9902968
6566360 9933177
9141810 7230642
4303580 3638793
2118122 9739854
7372731 5119280
8635929 141305
2831901 7098335
7472337 5456538
321423 5440782
1530903 7409020
4401909 556439
5761528 6850942
5763435 2422818
3114914 9688840
2090615 2359307
7642081 9244943
2572226 2644412
9213073 8083184
3064284 9923680
6603515 1670977
7728758 7849187
5107293 2918746
5042690 3668256
1458574 5290426
7396484 8610815
8368381 7631893
2794991 7199367
507915 8226896
5637446 9165763
9377740 9666202
4857761 1183675
7092155 3966534
8696692 6896202
3780421 7420449
5659226 4168542
7839351 185354
9456968 4612868
525506 2541207
7614732 7566620
508655 7929802
8634172 4631491
5691652 5078039
2393463 3953792
3121550 1934185
7605546 3724033
5120423 1385356
2460895 8068946
7320682 8580512
9725904 6072231
5552381 1891120
225746 5789253
1855250 5000412
2024040 2674181
2998809 4286940
5310276 3265961
6178582 3469989
9840102 2652662
3613754 976356
2435257 9345795
3546787 1353858
9856395 1636379
9922812 2515654
953621 5459438
5154518 457206
7599878 613930
9039936 322045
8147027 6255414
9968268 6065179
7750031 3476375
7175043 7730293
8588997 8219053
3940937 5902375
3079871 7086256
2665793 3632016
1876580 6621188
5270328 4332997
2865616 4065154
6022944 219389
8235982 5267045
2920323 7905703
5490183 355256
8574708 3601960
1876726 7245341
9323474 6387123
4222936 340445
7917399 667463
2464565 821297
7281538 4117828
4352478 7298493
8721192 3316337
9749796 295739
2321348 4628069
7429826 9972566
8926158 9789416
9774171 5157504
1994254 9027919
3583859 2847441
5410396 5315094
6874230 6429665
761946 2157657
6431273 3799161
9779348 3695853
9875264 8755277
4084084 2911501
2331784 3882996
9565371 617065
3294315 2123051
3708443 3864030
2763544 6738791
140837 2769115
8131387 6021006
7303077 749266
9164389 4437477
3760844 253294
6911812 8349648
7076345 3620296
2255970 9156489
4909868 9345404
3997279 2050048
1468947 69869
7328952 5500895
540238 3008796
4451046 4089274
346397 217509
3310315 5178869
2424063 5306022
1462959 1476009
5504973 6406089
1165146 6318932
6418860 7530237
7071384 2982152
1818172 3813136
8952025 7499406
3076566 1661678
423542 7975972
9117419 5380353
2142796 8902652
6363877 397140
354668 9399470
8152478 5834309
7066990 5931008
8754871 4001126
14887 4509379
1505059 3283787
9426689 6199357
2420196 5484049
5550325 7021498
7580953 7834806
6888331 7546904
7941234 3887453
2516252 2870783
5276548 1539820
3894689 4917296
8276104 2415123
5211186 2325168
2486634 8556266
1070222 2202807
1285621 3737567
5029470 8307717
9113285 8027829
894619 2163006
1934472 197432
8419111 8058102
3493590 1650249
7788699 2204467
4689151 4453405
8352250 34430
5119822 2651250
9494569 7642442
6260319 1900224
3288227 3982919
411065 9020073
1376603 616027
353249 1849979
6993320 326131
8411881 8524286
9622487 5280277
5628020 8701642
9493036 8649187
3346222 6952609
6372426 8027327
2117131 1895164
3670163 9208433
8229557 955551
198260 4138760
8438263 7937328
4378233 4549429
3963767 1617081
5271444 1956384
3449387 6756400
9260502 1256725
4710610 6286898
1265770 5016291
7382989 4121381
3122301 8504515
3307032 7265163
2157935 9722231
3056313 7543952
2748920 1099631
963829 1180688
5824305 2481812
4940218 9740154
1464468 2601164
5998964 6127118
5538658 879422
6167991 292737
6761480 2095535
3605135 2578141
8312924 4800347
4619905 1970955
4439713 9902276
2675626 6201706
6843368 366520
1683610 6196089
8026768 6464482
8573827 143152
9987329 1185199
4885913 9525930
843133 2493745
8339101 5754185
7695800 3948109
3512361 3072946
5227753 5628040
5682102 5308652
8730004 5991759
2639701 4309388
3651897 2282083
1602447 744142
4780661 8012458
294736 8893041
1870688 3592496
2450293 5963679
8188579 4392457
5324321 7171168
5387600 2846684
628756 5379937
4856467 3873556
581777 8664460
8005178 9210713
9542130 4700650
9294935 4159393
8952734 4078594
3872108 33880
2222951 3516652
1051707 1659589
5828176 5163702
925172 6509090
5361556 368722
1042328 4346402
9654092 3983605
4434812 9696777
6105574 7157826
4819426 4887076
3616391 2574234
5293314 6982302
5310763 7533867
6343980 8168327
5683738 9907991
8018204 2208859
1607346 3804291
8596346 7427701
6359226 178751
578487 9742816
4091545 2098896
2257912 7332730
1894884 8726084
8536470 5538824
96204 2489641
3308542 5725549
9143660 507457
2736694 38327
7562985 4877684
4986872 1235327
1425031 3620870
7628593 7483747
298412 1678839
5355385 7669669
8614714 1457273
5647146 3459670
6937218 3264625
6802414 1681440
2199259 9225601
5986493 4013512
1157324 6451165
8398142 8360527
8790162 5419131
4864806 9185936
7336600 2621564
5711118 8713477
4003971 4314632
4426357 8437674
2181449 5115112
2492033 2739846
7278929 2251915
5238156 5925780
1889121 220962
6662175 5337149
3154263 7420397
1684962 7974475
5791116 1299118
8197967 3403390
6119290 8150654
5810385 2721332
4697372 2333887
656659 1136827
7581904 8919672
7706397 1707302
754245 1132075
2017245 9015580
832849 8933217
3149942 400597
2707437 5842958
9438886 6103917
7469943 1991231
5927417 8731407
3836759 7036000
9152001 990537
2472501 1892446
8214235 9112213
3665729 8866749
137894 5968131
9353065 4086190
9153799 5709272
2420900 8017387
3555474 4624303
3503296 2186324
2583503 4275830
2997901 6926317
1216532 8009512
9208414 3712043
8015849 7071717
7678664 3290540
7780779 3257966
2720885 6599133
8770857 3211741
7856632 3054579
8745124 5750727
2413702 2763122
5570287 4951216
3359598 186557
3329639 6034679
5084604 539278
3856948 198647
9156411 4022267
2341096 786966
6684858 6013114
6625670 294064
2363257 2331189
8700914 2143335
9578440 6411973
4607531 5109249
7290863 4547800
5529497 5686733
9607975 2488961
6555741 6425
2726764 5151260
1974693 642828
6866035 8393949
8853925 3072408
513754 9964385
3181167 591262
8929322 4955647
3883705 8598290
7270493 8507868
3015777 2235557
7486165 4051778
732264 3364044
4126095 325477
9183780 141446
7522964 9719706
8643208 2794965
9208600 9534720
5837636 1145957
2288152 2639701
1903553 1574961
3190438 362762
3753188 8779410
4575758 8430598
2280970 9412325
3080096 1552103
3536729 2782967
6319227 4557110
2532761 4056812
2084505 3515121
5144118 1977201
6226497 601234
8583960 11246
8951095 5643997
9558951 6803267
5742899 206225
9204161 2653297
1878043 7430623
9665732 5432000
761386 7322164
6890532 5004502
4611602 6518624
3787289 6117083
7525456 9799983
3466974 3537415
8926339 298024
8259698 7969024
9572130 2059943
7124514 1528817
3400290 1798796
6256655 4109558
6137659 5954545
7610016 7147181
5447281 973691
981535 3751193
1942442 2837044
113504 6563077
9652259 3790231
5414674 8160907
9197199 9381380
3208218 9936018
5447199 4086162
888881 6624033
7189855 5696911
9236854 1885918
2983276 6760680
537851 2594654
7758822 6428785
1567510 1255245
4074648 2567538
1757660 3913424
9321010 2206078
9204046 7983090
6687655 7289318
5681220 2685984
5730396 1858974
1806897 1465925
555859 5982940
1560446 2623801
8371192 3020154
4127251 6568332
256592 4937353
8097396 6275002
6467611 1897274
6584845 6109757
963292 2820064
6280748 8555111
4130287 1727574
9818529 6535505
6731426 2322267
9112526 8987014
409587 4193772
3247996 3791532
5096377 4518345
1497930 8061520
4253245 360638
9392214 2605889
2469856 7209716
6387489 8334056
7716762 2306427
5207923 5335709
4941937 7911050
6915702 9667816
8819503 5973325
2965589 4253925
3570896 2170602
2775721 7338005
3079628 9402326
7566027 7226319
9048184 3779041
5696125 3648046
945331 2282069
4161602 4840687
2044955 8333732
1014079 8987030
6923955 3991288
3089376 2360672
8250276 1743639
8985715 726720
5918307 7451038
4276775 6017375
8099962 6594297
7962380 9046741
216175 5754160
5295073 9693729
362128 8532869
7087954 7540714
4913888 6215871
8589608 5832375
1883356 5728097
7407962 7405381
1109538 6331278
4055937 7055616
5663187 6996115
6391722 6812847
7935472 5860602
5881495 9495067
1215046 9279934
6205216 7712429
9945688 5062411
5464071 3140415
8497761 8194596
2017722 8502942
6684141 7166966
281287 6735397
1218173 7499408
4064213 7562549
2783472 17416
1571618 1841511
749367 431235
6980360 9138661
8208544 2535211
1685724 3764129
380445 9669316
2659236 702966
5225788 38794
6321284 4598209
2892798 4869198
1125748 8084640
1182647 5536656
3617724 8347841
8640557 4127959
946040 486197
4417015 3626218
1159166 2927174
5136305 6023042
1624201 4891834
6798085 2220327
4008551 2403201
625024 181072
9911741 9342712
1524941 3622385
1384373 916627
8741669 3940472
1100649 6642817
4188608 1779276
8638687 9484067
4785100 5949877
8643980 7458147
8261276 3126092
7580974 362952
2203063 5062880
2180156 1374357
790489 789626
4945079 1985250
5306429 848661
9160438 7581291
5898972 7392061
1712938 1010117
6178770 6955917
5296004 2407201
4860266 479879
8006839 2440258
9059214 2409903
5394489 2044665
7660332 7080943
4765769 6573927
9186323 102398
9422209 9286483
2585258 8140270
5231905 8358917
2128206 9031123
1051064 4095947
6546114 3326561
4432130 6524250
2217723 9938305
4330906 7388783
1695112 3031440
449181 2378167
2062704 7571467
6611739 1562464
7975333 879762
7290876 3676813
2302156 8001179
8266422 2073500
5299079 3357677
3866117 9814538
5443866 3577614
3820539 6323687
5950645 7769834
5165137 7068579
8263297 3379909
8455267 3506897
5096857 3089935
2752732 912506
4773760 2545148
8382820 7193276
6879521 8069050
57374 2989899
2544657 297327
1686968 2383888
6910191 2450515
1448674 268865
7023737 6932015
8034554 3520541
6319463 3422474
7969396 580004
6260968 6602516
2430270 8626453
7411627 973900
2013649 3615943
4587455 8783919
4495127 8117917
613622 8311398
3323688 7482633
7511876 3827878
8706266 1285663
5794536 9782174
1428264 3908726
2725482 2742945
4230430 695399
8685934 5611403
6662091 5612449
7719292 2061474
908651 6730828
6308369 5419400
3376999 9762493
2037797 2798086
4038018 9060562
7975422 8826206
4609149 6113871
5086936 5404745
5156630 5267368
1110057 9855016
4888124 7816328
6827287 8177917
1850510 756726
4929964 6098912
5329158 6239606
1974358 8462955
978399 9478694
5492331 6952630
6319211 2506658
95131 2255099
4811789 5553197
1153328 5626042
2930422 3447445
8641529 6853315
4071108 5448421
8668794 6644469
5673438 8589309
3486191 6062741
5327207 2984234
7652776 6688458
142627 7494791
1169864 7424676
1477030 2372803
7969765 9409847
497880 7615816
2285063 6745626
9915198 4072972
5694319 742215
3799655 6420758
1565339 3862293
5711677 6052804
7020323 9261447
3176717 9635247
130054 8012503
6688760 4006742
3897473 2443652
8013621 2559067
297840 2022404
8124535 3506578
8480499 2711461
7846331 1707832
7148507 2866833
9738398 3676656
3606545 7761660
8892207 1664536
2353622 7155926
1052765 6176790
3217328 2219216
9374534 4903023
1513768 8154467
4600570 6874927
2060333 4014286
5152562 8478735
3296580 3045328
2077707 6119173
5896657 8945030
7923360 6585250
2003165 2641042
378775 1381140
1623609 666901
3891871 1945641
2023658 7385442
1502775 354394
1662409 3774647
2585661 1193981
5293637 6827215
3707217 8372070
1911183 2969649
945914 8700811
145706 4409766
1785402 71406
6275000 7585530
5607082 652926
2349535 434785
6013577 3817898
3098591 2194691
2741898 7695901
4030355 1782565
8629459 6793046
484227 3047041
6949936 3278312
7470973 6752025
6716740 9096477
1021227 4899867
59914 3633235
292173 5807168
4391147 6372166
3537566 2943031
2534170 9460819
8567304 2698088
6711372 5573300
338987 5455657
14465 9397950
809229 4145800
3127663 2018040
953816 3655085
848770 5310345
1037153 9697913
6873288 7871828
9682225 4424795
5986382 9102718
1032180 1790618
6209546 6909108
5351992 3141655
3690327 7626686
4085447 46637
5730583 1113736
7762081 8094419
3370468 7359163
1474941 6459690
3207092 269501
5248397 9006967
1019997 103245
9265555 2765737
5338964 3242189
8169633 7988838
1630249 7182558
7128173 6991366
1487660 4767314
7093090 6370050
8085110 2366135
6531390 6618428
9496958 1643460
9201765 2178566
5657870 426691
8009441 3236935
2888961 225361
1980291 1893647
11186 7774698
331220 1010911
3326273 1652454
1956192 9157974
7709204 1344937
1471451 3306834
5116905 9130262
1565709 1003546
9888643 6087810
542816 9765843
5231798 7339736
4401939 5805549
7700003 2363031
8603914 9877192
9906100 9937036
4397832 968086
1502544 8707384
3288901 2330454
5063562 1743129
1237952 3388986
1069950 248748
39030 1607378
5198024 9587490
9861187 14109
6613417 3919311
9028665 2226092
9980775 8449958
6979584 1864860
4579432 7951687
4317337 5545440
6588601 9399254
686582 3418407
1953512 1078161
7468800 2016947
5635896 7880812
4189470 643094
2237948 496287
6935182 4839292
1050998 8813892
1567850 5121154
5740360 4349010
8277021 333130
7368344 3398093
9829274 1679848
2901169 2813279
3274108 6314283
3546833 3307994
1190363 2751526
5287013 6991372
7255675 1413761
3369330 2390072
736178 5529575
5271562 2573074
3819463 6893514
3029602 8167004
7838593 5802502
2482105 216698
6653844 2047382
8504046 6773888
1498842 3003583
454089 3776094
3838549 6027966
7121388 9075329
4198153 1162524
8920732 935752
3742020 921884
6348589 1493080
491653 2616272
4395043 9525488
78181 9740056
9165621 6641840
9538923 4265080
2764364 7819572
1463366 4317307
9837624 4541240
4619997 6097200
6300693 4302338
5111147 113795
467157 4881735
2468171 6924648
6560764 8432870
2170289 2420201
5450501 7595366
8920005 5789285
2424823 9338210
4606652 3886372
8128155 3269678
4404398 1716928
6253568 160816
1038335 9642285
704423 5392769
1141925 9356096
2448153 8632757
1119893 1396121
33973 8707868
4122692 5435278
4301078 57854
4861837 5112310
8233593 861084
6571452 4549735
5988072 3116092
2416309 9863108
488403 9041420
3774601 828566
1262022 7225042
5441076 4027984
7709126 6899402
2969828 9470793
6582672 2553272
2056869 9813617
5851491 597148
7598226 5653327
2350370 4939303
7131167 5683049
4158938 7066647
6248657 7336189
2130235 742130
7575910 1897635
742561 6167644
6074252 9575323
1688765 9627441
8335279 9260417
2555102 9373449
3420325 6653134
8751978 2210275
7754526 4828685
2649036 8069438
7823788 3722462
2753035 9772095
6509105 2540822
3905959 668743
2374227 8728707
1770459 4755856
599376 6809990
2052391 2341031
8005843 3736098
19722 3531523
5536041 5917783
4673547 2891092
5952775 2420467
9250248 9276237
3866700 9825080
6055512 1116748
2908470 1660663
8322630 5755788
1420302 3209480
4671201 1358044
4859748 1838770
8393629 7454241
8558024 3750799
5726274 5723684
9783978 164908
1319881 1768974
6082499 6793734
60412 9311616
7489088 3140913
8414170 3636144
6711595 3010239
1807182 5307676
4966984 6262223
3680938 7296503
4641242 718267
5731451 5364737
3645203 83693
7539956 3261151
5829596 8546585
8732249 2900281
5227757 1274155
7746265 3504395
7089603 6927143
6053010 6523661
106299 9539951
8899443 4500438
2418123 94916
4291722 8212803
7926590 8672513
1347576 7189848
127233 1384483
8815218 4271588
9679420 1963040
6763606 3681420
6922110 4690205
2879666 8750648
3777312 8621453
4653930 3826482
4592507 2377177
3122328 8337543
386376 2779018
9415256 2195688
4071860 6816485
3310437 1490024
8988524 6366101
3145663 3718743
439255 7681501
6816318 7850595
4432723 1204863
8313459 7910473
6926388 7767965
2096053 1802034
4792275 2043402
9370546 2438555
5438650 9151448
5533903 4725990
1874179 8601968
6952120 3680206
3102570 7761302
3080555 534713
3306019 3528911
5883136 20988
2360437 672672
8455990 8058763
8355860 764327
9663113 654806
4479940 1765276
1645135 4162115
5242446 3826592
1093598 3292173
1491419 3662033
3333678 7113109
6892208 1199095
6738244 3053007
8397641 941610
165875 8986856
5628197 8417240
9125519 6195406
9895217 9068536
9424163 8261220
6007839 2667183
5861393 3094906
7775461 1143874
4064692 698211
4016638 4435777
3246833 2693057
443348 5143043
9420434 7241749
4034907 2837571
328939 3241653
8214646 4401465
1436710 9989582
4489867 126771
8507431 8789538
7654056 3149917
4146040 2574069
1808116 9879468
8262273 2221791
6124407 8733324
7728079 7328905
4900581 9474165
1752613 6191788
1145296 9230630
5242115 4623222
8440292 6688782
2872910 9981222
1440991 793607
3432936 9030427
1620842 5571649
7972217 5953264
2620238 555404
6417490 4111376
1215079 891429
4710545 6721291
8152809 5559293
8969040 503327
8056548 5600846
8311162 9506987
7103879 1545079
4648664 2703864
3158907 4266574
2319665 4016267
3135261 2691821
5682800 1191335
7626076 9111892
9457764 4455844
6670788 777341
1994664 2285779
6080116 6670374
5198601 9344647
8396697 3840261
4332401 6838523
7233792 7531994
7375129 2796745
2660597 6435705
1775845 7255043
12581 4881358
2583199 3524396
1977553 6578622
8843882 9613922
3472331 2551650
6928069 9912438
470596 6185126
414035 6697727
7128479 5624871
1150163 8744923
2071914 9139609
4704079 7812846
7952852 1261784
9115678 3805813
6836738 8953140
3361699 3482350
7469196 7362227
5662601 6608081
4311569 7142818
5139295 1560403
6573929 457823
1218899 3164041
7168108 2427385
5489186 2773204
7598329 9559709
1449302 2316782
9858472 2659096
3443453 42824
7080447 6168229
1910256 1832422
5071122 9763492
1646774 6731626
3072985 8093700
8013534 7465122
27271 9615245
9424935 2087715
7809716 8078262
2859855 9867410
4664290 7093361
8130586 3709769
8084592 382347
5597076 1561542
8289340 9078006
983349 7188852
5359247 7054384
8659947 2320109
3472641 1423802
1927262 4115740
6337825 4379477
6126835 2307330
6866505 6403484
2034757 198526
7658563 749479
2366764 8348913
5849260 7656647
7866779 799348
2810406 316337
9432862 1746353
2983340 191412
7954191 5295820
3509031 9694161
2080353 9367786
7126287 5114325
6465945 845761
6338958 1719202
203143 6934866
188697 4676199
6425106 3009356
6718409 6947510
4592939 8108634
9506669 7826377
3903380 4984963
9498281 4531416
8374619 896040
2014901 1499396
4540964 2543766
1082974 4256112
3027823 6025933
7833160 4024086
8649654 2376964
3880842 4251592
3658411 5498786
3225286 6078432
5581253 2809917
546292 8271851
1289464 7956173
9981941 5420258
8345834 9708087
2307787 1805819
6523451 6085939
6486555 7951605
9729188 8410427
2562066 3612398
7152828 4083514
7810901 8619796
1971771 7356540
3143255 4569194
5391483 5597458
8285548 6861681
6902251 9072936
7051563 2081319
7116938 481306
7852208 7746011
8725616 7895096
9957407 6173786
5762768 8917114
5906231 5378984
592610 8605091
4838730 8580894
3899094 26840
9893872 6473011
4084556 7120272
718915 2967221
8473166 3232882
8480935 3334453
2072699 5828839
1640022 9497158
2185114 877308
6656637 3463890
1509559 6433502
3672656 9820282
8827048 8191060
2753563 8291643
6097135 3349110
3468058 2660297
2508465 6347476
6143183 1602547
4165987 6596985
2342845 7377787
4481352 3920845
3239179 2484437
6742606 8593968
9007657 8170762
3783139 3905644
8323778 4251242
6862654 4254152
2308340 8928869
2187907 5752851
1593989 1167749
6127738 2101203
9342542 9793081
6944558 6792050
4893784 2411705
6626485 6468215
5474289 1347026
4845107 5726320
5117488 9622723
781496 9354243
316168 4150901
1980542 3802346
3579258 2353055
9417734 4319848
2082394 8782050
8049066 136529
6184379 4996386
3417000 1987600
831014 4377788
3384629 1905202
1024913 2896600
3098536 3530554
5568291 7166866
9651060 5900683
683766 5188205
2728480 7070982
5719992 4275406
6841938 5490366
3741190 9899058
9428863 5173168
3294806 707114
3982573 4972255
1273659 7854435
1931524 3293159
8501519 1001386
9832937 6067108
8276428 1191920
2462836 8948069
7127347 9527838
8598210 4466154
8256401 6558987
8141811 3934208
2902703 7458994
706652 5383823
1095224 3858986
8276048 6026001
9617004 258115
6452159 8893676
7553791 1032691
1734263 6913961
3738319 1242945
6438115 8471267
1230667 179738
4647329 7157914
7292825 1149742
6054899 6489997
3824485 2897020
2289960 6738236
2495554 8832392
7923964 2349203
2732593 5811835
4745066 7035267
6203676 2326456
7209044 5369482
961961 1545883
9313065 415649
6607443 475171
8144642 5745269
5267281 8142229
8274498 2711975
5804185 8228674
4107655 3914163
4357534 5253020
3253352 5342319
3409853 4728260
5311729 8206856
7561989 8775510
9919676 5064077
6690486 7272910
5325482 4610895
7515476 5471461
9924797 5284625
2460240 944960
9772567 3361344
1727242 7587137
259367 8098197
4985055 60598
5505571 9381030
5721373 3505451
2193126 4347817
7154529 5193726
9479287 4070459
3741945 1987534
5462327 2529673
3299166 4775323
6503846 216629
2891748 5169527
9076028 2615175
5935780 6899154
9721341 5442809
5636381 1385434
6334545 2211348
6476407 9175711
1087347 6871372
4547520 3295622
4241787 4299570
8203424 7127911
5500644 1213372
4703607 9193527
9296018 8086677
5321112 5763037
2731051 2290434
6281585 1426489
2751965 5710596
1845717 9795415
5647081 9607423
9756484 2589969
430996 5240915
7616377 6830509
3339750 1083790
7812953 9094511
2639547 6836226
5107004 9480010
8787813 5072870
5575512 4217493
4267722 6318162
6358477 4431848
3917547 5877671
8697779 1068713
2053925 7700600
660237 2904318
4565315 1752076
214866 7501826
9004427 9770396
1477558 5877938
5866452 1942807
9383374 1896365
2817301 2153520
2337239 4146955
2822893 628371
711157 5494309
5325506 9000832
6378999 5520951
4339250 1717947
8949414 8247949
1942803 9585495
2609342 9747780
2101642 3073894
5782051 4010563
4876047 7866553
2415972 2477608
1812191 7734425
7662217 9214441
2246770 6754609
9516303 3246075
6845810 891033
5188021 1800858
2255179 6850639
9175052 8015174
2414445 8501548
903086 6278444
4122984 593945
9050418 2738360
9907003 5680030
3414028 8842766
8642831 9670127
7552709 174706
2125284 2098734
6057480 8149825
2745733 2321317
6717723 976769
2728252 5699729
393911 5251273
1449853 9860978
1948118 1129705
2412948 8475936
7336599 8525107
9070639 9513241
7608655 8853994
1792909 2598836
7106799 9115278
1129644 7810582
8344999 9818249
7235130 7862091
4068989 5946232
700559 4649532
4705411 2718449
8314484 2913367
2696861 5068497
5132019 337258
3589031 4738861
5363454 8169312
9178329 7075285
3047745 9232021
3755348 5039722
7626393 3857476
1620157 6403207
1608933 4335970
7269916 6699983
4701163 407464
691207 2534323
7709599 7922758
475450 1493780
2358666 4407603
3165306 7849566
6668774 4504136
2403437 2821896
8136204 2060004
763553 6200926
7568794 8743339
7680725 3317969
4137050 4456238
209326 2417746
7891611 7060306
7094970 9682435
4689551 7594013
6974370 6939433
6835658 3852562
5093150 5266301
2270917 8210392
9422722 3737492
2412525 2502185
3293134 8376065
1864557 8481924
2271857 2563314
7143593 2779403
210142 1133866
3644337 1926685
3170623 8134094
4552118 8339080
7226707 3233054
9109135 5383398
2994034 3092310
3843343 8109153
537122 4136600
1319390 9791051
3901937 2469144
153437 3788240
4189093 524701
21762 9551735
951370 9513350
8948255 9800343
1492959 5288102
4178878 7171694
892890 5554192
7883641 1853378
4849486 3565502
6505491 3447638
5132603 4603474
158591 6151108
4827170 936938
3853164 9466325
5341735 3199493
4119813 625804
8445861 8471278
7877282 4083958
1116665 8669621
228071 5046958
5421888 2376223
9325620 5929065
599017 4831878
9738457 9464341
4247051 7248986
5573414 1282463
799813 5774166
251382 33368
6058598 6693942
1095340 8460716
1865956 2120207
679862 2940572
3746472 4640207
3239246 3334246
1345245 8141916
4980722 8645595
1420829 8165739
1662351 6799078
6688806 2960758
187393 6992001
1426681 9665990
9096461 9203675
6035536 8176057
9748179 1302208
7121479 7401580
7615785 6666504
7802772 3503555
1449844 581781
8874249 7125541
3921758 2477949
8650865 8733018
6131623 4968175
2983786 4226522
2565916 1566461
6211911 495092
5250970 6620689
562742 6449883
4059047 9827986
3616384 2143692
9396715 7094415
3427543 321400
7262948 1135363
8202187 6430680
2121726 2798415
2912376 9165119
6118685 426899
9834143 3252235
4802403 5082118
8779935 6990514
2922215 2243557
7888539 2173394
7730475 1480819
1576741 7859080
1510589 5517246
6747841 4131737
5211405 9212900
7834771 562595
7282741 2151447
1075557 45466
2535137 9610258
6004497 3635173
6110559 9884074
4510410 8819427
7525166 4842072
1636985 6950525
3184099 932196
8533165 4821790
6153761 7654469
7239111 9888465
3090535 5325958
9731975 3617894
458634 6551708
6526879 9006376
7090935 2410561
4415210 4386302
7285556 2782166
2687304 4346683
8310370 315824
5181693 1521911
4021631 8945000
5649194 865131
2035605 3630304
6627391 7612700
3269608 342588
8505902 7745899
7874264 4683489
5115467 1668031
9414181 4922707
4032764 2254624
4675930 3618553
7926535 7099423
4475688 9646090
2796502 1883930
3226395 2239975
7115410 2256370
3859547 5324832
972976 3059046
4386097 9644734
5649540 1063710
1845499 1537900
2544807 5188257
9801104 591776
2635819 2899890
9713943 3336605
1854360 679181
4076152 3034211
3139934 3397629
7006680 3649663
9219173 477813
3918513 8810125
9640652 8506888
6263829 433750
5513209 4974852
5645754 5429277
4221704 790430
49426 8303024
5552106 7964567
7130624 8959835
8048561 3280077
8159912 5282926
1458645 8432702
1864662 1837415
6955161 5998408
1342253 6090789
1682766 1271945
8910738 6099234
2259119 609350
3454926 4371559
2277943 7052116
6362712 4016331
2921587 440527
1950982 1896870
7157099 5686437
7512188 4304418
6136779 6034524
6496435 3487541
4464745 2220900
5891891 9204924
6332298 8815809
3135870 869116
3107229 1807552
3820318 5319128
6584935 9599331
7164005 5327131
4483472 8256779
3216788 3777222
7160737 6400850
8117751 30860
9735747 7861852
7476211 423536
2799467 6472769
4026044 2883287
7496518 6765373
1003025 8543900
5073483 4987695
8621632 6577172
9857879 3975416
305254 8822561
7959084 1411771
9857515 1065781
747478 5722128
711102 3742495
1539750 953198
9804453 5775447
8095396 8890787
3041114 3698775
4080879 4175642
7131413 2849880
5069759 1705632
7722608 486589
6095730 3556703
1852143 4932832
2000594 4238133
5191126 5092103
3725423 6987042
1771200 1932931
5863320 1597715
5617209 1786282
7047842 1502439
7652338 358079
5619436 3040031
3714000 5710249
6867041 9347486
2984283 232424
3741056 7104921
9674585 6153240
2836573 6885992
6067046 6927970
82260 9384497
6781249 629864
9980754 6845429
6003827 3404555
3462610 3522004
9291122 2800295
1007278 3594041
6608113 3150556
8986817 8333159
3724622 8876299
4647304 4846634
6599457 6064667
3362828 7183137
1123412 8401496
4677179 2952510
9265378 5685064
5284919 6464666
8957740 8283333
4124522 6413959
4314796 7644458
9762167 8416668
2499648 925170
4073032 5059813
183072 8610533
1034729 633083
2332712 6871077
7722608 5396253
7678052 6660344
1525053 2866454
4112588 4577183
6696308 8678013
4978294 4234899
842541 1344344
9789274 3720509
5299815 9950941
6992072 6266852
9992293 3096998
9304324 9092438
861501 6430634
111279 2163851
9593175 1447243
6750997 1332270
6895981 9124051
5489075 5092600
9572942 1471751
5725397 6778807
4296912 8560570
1844151 3593170
2134065 71885
3334680 1660954
5973678 3105138
3751291 9283261
1477523 9403491
4778878 4558636
1618774 4422412
5635876 5047391
8751659 1587536
4232050 6337772
4039099 1161948
3896096 2144460
2405103 8546541
2140685 8271597
1600331 2898000
3350536 4561727
7783103 9085435
8696561 8271146
5009721 913594
5103784 1993280
8891545 3072653
1062545 6466936
2399633 278468
7047348 1404862
7891380 3220629
563206 5380157
3251778 2831413
8796932 4172373
5165980 2426106
4545894 3259697
7031065 1124299
7085990 4359712
5962551 3525705
8134722 7631706
8050866 4006849
1910176 9987798
1118924 7977242
1920846 8433102
274700 4073781
290225 2825131
2156928 4307978
1568466 1846718
5815346 5929289
8527414 5869582
3771034 1631125
5693404 6901307
171450 8329696
2900993 5269514
870516 9083344
6494367 7795602
7734140 4745648
4428607 875620
8288902 1736410
7680116 8878466
5219974 7472171
9710839 7681425
587974 3678996
6987209 4058407
5132175 4869533
2940754 9896650
4835183 973219
5728044 1196566
3435594 2666602
3899176 2581013
440432 7166127
2897335 8918586
814594 103954
2163716 8199663
6222716 5011827
4855663 7206623
1532074 5616747
5391322 4613295
9793414 8648718
5166884 8613851
1775549 6099515
3184762 2366668
5644984 3975859
2775737 3309920
5112765 5897357
3199796 6406161
4795 8099138
738811 6737242
3103334 7315291
7268511 5283642
6599086 3694127
3458925 4141647
417830 4822840
4567377 2255370
4231968 8068524
8548070 1718364
8541440 4834525
7251227 7842333
3709101 2509497
7876441 7117215
