5000
523394 1311457
7962912 5634180
4660809 3318809
5124608 9029425
8496312 1613165
3652651 3060454
4866538 804016
405762 3186257
5657645 8659543
2008072 5018674
8805063 7192973
6718647 1655894
3601206 6300926
535164 2019982
4338211 8286909
8830397 7683983
7269378 7847466
499906 6412844
6908585 142782
680964 5352723
8963906 4157132
7208027 3859340
4689814 1092708
8219997 4868279
2677461 6146459
8635983 1297031
2638662 4916906
1284738 2804692
9047271 9434862
1961919 2529465
3790717 4727228
5115287 9375524
680948 424485
1403408 5816590
5637098 9529265
5796285 4708858
411612 433759
8563155 5309874
1582589 5583944
8277433 3495045
4915542 5647488
5152229 1210495
9899358 2926252
7944460 2905817
6411655 9097231
7310558 8832571
6919398 9139606
8612594 1086680
3925015 8360762
8101905 2235385
5440527 6450732
2406453 3569064
6934817 842167
6203144 1161575
8815294 2631054
169557 4559724
7528329 8769126
7396142 3600247
8383735 5923371
7207043 1585255
4622519 9685935
2488207 8518480
2870753 4289323
9434361 8701969
1654943 5920284
6120697 3337201
2905457 4473132
6103066 1745287
8074590 5926857
1160874 2481115
8245358 324511
4189461 3050474
7469777 9051123
8011543 4590461
8713240 2889583
8114509 7829789
2546851 8733230
7318753 1895889
7174095 3102050
5279980 5660925
9760301 4601973
4655924 2241138
7201063 6366337
4404574 2498627
2114590 3820768
6905946 3474546
9812692 5718307
5709525 2036454
2814367 9618725
3783582 461436
2827393 5208231
8278517 59651
1636334 6466610
3280328 2942121
3204703 254052
3308371 6717723
6974481 6825511
8771857 5918953
1412502 9040971
4114248 265782
5426414 5239443
1574514 1447065
7782520 4566162
7478061 6735732
8741646 6000274
4112673 6534216
4148015 3605460
2012642 1960958
9257225 27677
9815868 9123345
5138814 6762393
746354 5938552
3678182 5538103
4666542 2147689
4789389 1440761
3868272 2919590
433157 7755565
4459304 8178055
8286240 9256923
9026821 1175021
8994016 9320144
5891518 5527418
6935142 2563574
2432778 6962081
2807255 9980153
869873 9546839
4254460 4658009
311125 7277519
5430853 9355989
2875526 4271230
8838029 2655253
357881 4469570
7863004 8049867
9147386 1567673
2292834 8689147
8487673 3860976
9713314 8430591
7851163 7529285
8902921 3756957
1093752 7908289
6252173 1262304
1829683 8438338
3422120 6850776
6287760 9376200
6534710 5197497
798862 7371925
5308122 9129297
9245833 7443059
2583435 5824389
1888502 8492013
9875486 2694135
2390813 9383545
3220618 4757653
58530 8461133
2806949 3592876
867092 8810836
5412406 7578507
480066 7366267
2355355 1832350
6877415 7021687
1257395 8769967
9002564 4380401
9878211 6084862
6725267 382576
3752581 5529863
1846614 5756565
628641 2556356
404161 943789
5555000 9576181
2678429 3246543
345533 8181941
57854 6885056
2702675 8511857
4862778 1644708
2193048 26558
7687755 7860805
1894147 3331970
6026089 2116634
2728788 9472444
5895391 880761
4636267 2899808
407052 556941
6949215 4123465
150562 6363639
1482459 7104238
5112163 4311222
2797894 5000854
1499458 5770824
2280351 7635692
290355 1960852
6589420 7872197
2277962 7613
1310200 948051
5114881 2597509
7789607 4770034
4064934 2397210
8285548 93778
8486719 3434647
2983739 6093525
5481106 9817723
9804352 765013
8853104 4127430
8613748 6383072
4741636 7316057
802027 5929282
2416194 2468511
5446942 3393307
7932817 7341704
6009451 8416334
4669161 1980313
8120737 5578266
8248698 9871748
1016037 6431795
2712179 1813113
9295501 8059367
686719 3750706
5464663 7148602
9027491 1496180
3403978 2616931
9767585 4205638
878871 3263900
3788353 661166
4948159 8952984
9231173 2752185
5350987 5416107
7729559 6851070
1673809 4979258
8700560 4707906
4153033 265860
5170812 7190015
8192103 9341416
6549279 7009947
5290639 5317469
8223926 7630415
9680681 8294814
5683831 8875283
1480022 8336482
1460330 3316844
7594543 4953367
2935540 9440804
492289 4795202
9481793 2448152
9957565 7414091
7664388 1004168
8167617 2625145
4160950 113551
9021758 7006688
1940444 6952842
6641756 5617357
8526064 321459
7159504 5911555
9301971 8825357
7924049 2869468
9066519 8819213
5323329 1170966
5225132 9107137
530060 3994842
4393953 6049500
4938141 5091725
1160375 3390483
2648980 4079314
7017365 919627
2629205 7967971
4358980 1548848
5455855 4853292
6670189 2031964
9244676 3520268
79514 55123
913415 9484085
9252366 3327309
3021397 9993507
9815944 5823893
3535761 7802940
3289649 1978705
951150 8285880
2549095 840446
6226887 7664034
7425017 2585615
6004310 1297705
8228393 7531935
2891260 3811152
1825670 9388247
180940 3674838
31210 101849
6648761 9707303
1465925 4017841
9495357 3467059
2701575 5914503
1023047 5980776
6184067 7879020
2633940 1401591
9039726 2675198
1679378 7238150
132706 2941425
4658081 347621
2237674 2871462
7162370 6865474
1953557 9445111
9043409 6426641
1087857 5936571
4362874 9907148
3539506 9222733
9802154 1175838
8876783 6865483
6940135 4862574
729165 3181060
3670122 8067715
9964314 8631837
1635372 7658862
8419100 5695543
8430407 7753420
1916963 5137670
8182530 3992465
1607727 3663993
5089350 9705529
1102541 4428094
5951 7882865
7473296 3297499
7184459 7219652
1097295 1450170
5491321 7684166
2218150 9041837
7572513 9203740
7679357 7096021
6788366 4859082
3647108 2953228
4902728 8283631
2007783 5927597
4168983 4451023
4400720 9673207
7691940 2166789
1690512 5231629
9828776 7777782
1153711 4125013
8483558 9282292
8488027 1637847
6932776 7043860
8467506 9085551
5081216 9969306
8451981 2412633
8673235 9960186
890956 2198885
4349791 6666955
8842484 7160122
1541154 9971262
6066113 2516103
9837795 5228367
2300205 1967125
9462372 4844010
2265683 8080430
4183435 3211935
927487 7939902
1884173 3897215
1829137 9497519
9159552 9180437
4560036 8067994
6475480 2682622
5360022 7853244
2384221 5738867
6905025 1299745
7141779 9013528
1391752 485493
8050662 1161621
1204859 3326080
2076803 3555563
5570188 6200795
3022927 8555461
8824123 8740883
2967855 7170832
1136135 495816
9155744 4246109
3565673 7490963
3780796 5586345
9035784 4284252
7808777 6201238
3932550 3298835
7401693 5509891
1823527 1461144
9592185 1652436
7441828 7517032
7742178 9018063
8226462 8343558
6125130 2979918
1903707 9182899
3181979 5378927
77008 1526186
808637 1170241
4801992 8695468
9936544 4390096
8589908 6972150
8616328 8634887
1659424 816503
1723508 8299032
7615700 4666916
9004902 6692291
919039 8389337
3587125 1359571
2340581 3401381
6063763 8459442
7235939 1336289
9639812 817844
1424084 1934522
7217199 3604190
5355781 5936414
7272228 5663915
1372288 986092
2426725 5612703
8862993 5153769
4970290 8818542
7165865 8562021
2349587 9936056
1790584 7263809
2216788 3416831
493161 8453820
8798018 5724557
5923363 6435314
3533259 2683766
6097231 7119023
7006477 5577620
289212 6241999
7500083 6986662
5268358 3110105
1157361 5197354
6864062 6886950
8714316 5367263
2119317 5351008
7968552 9245237
5367827 303206
4866909 7421247
6092422 7654318
3694477 2661438
5183068 9745061
508160 671471
3784409 127557
7594127 8502107
3701485 2830230
5254710 1162048
8974417 911397
794300 8172720
152671 2524641
2323821 3787057
4682111 8742735
233058 6132620
3479260 1947800
1321747 2470490
7246868 8577283
1764166 2679858
1369492 3451974
5794494 6271081
5039790 1244013
1432587 7971451
1634040 7706320
2642420 8920315
344100 1712357
1692985 3011980
1330973 7329014
1809979 142137
3508625 1215529
4734184 8167371
2367579 3184985
6967440 8354393
7004896 8494415
4007261 1106997
11612 7262937
7433342 6888845
5209075 8093322
7106578 1778923
8303497 4712183
2541674 5125805
8987101 450596
2451393 7713280
2014350 2453534
8820770 9846975
2354078 1590583
9900499 776106
3439800 7661655
987076 7450796
6320748 5780979
5686419 8978963
5854093 2693723
9659463 1194051
6107562 1428216
7043159 3260452
6717316 758866
9428187 6892239
9871027 3580242
3588683 4397978
5695804 8240360
3562759 3306355
5391818 5713779
5275703 3801323
439232 855138
6055465 6125463
9538050 6484370
7240471 7801863
5924373 4092559
8596114 3330498
4443589 2526372
9890152 3611382
728034 2724133
789128 2324637
2634590 8344492
5794628 7626895
2555421 880048
4529058 3562452
7420113 6781840
7829147 4045973
9891821 3178548
9760960 8661946
7365540 5533940
1154406 6119875
3155846 2190314
6561954 3781380
3002498 2661984
9158725 6566497
4721309 7998173
3368112 4844214
3167314 261497
8298827 1122439
9030443 3411231
5978170 4873588
7903915 1357931
5702940 9457127
1057208 3364927
4536648 8987033
9660528 2580657
6217800 3535713
3000447 1964246
3950940 67647
9748095 7564427
1404195 1492917
3664538 8741469
4777248 253944
2366107 3658877
271441 3017509
1807788 7255383
6746423 6278569
3206448 7903287
8101801 8666702
3737502 6397270
5010214 7573071
8355708 1248058
8920500 8937638
4154263 8927525
5956527 8956028
1926695 2393622
6384538 4933221
3396078 7011265
2840608 4077277
1963110 2315432
3401065 3196055
1622426 7624679
3398959 8020236
4416901 6015456
1565411 7169778
5046889 294018
1668813 1725485
293894 7367499
6634751 5140570
4412128 6904883
7398060 9767427
151149 9022395
7413689 6684187
114959 8087106
4813575 9614454
4001189 3998423
6806140 5971443
726480 8937552
1552075 8562925
7187412 115274
9679958 4363746
7574219 508037
9422275 9840143
2986673 8190738
8203268 8865601
3795761 6364630
1343923 7052956
6830515 1341485
753021 5815333
3394407 4873199
8827758 8400491
1374969 5514630
6465390 4666542
2501714 173696
2087790 102455
3772290 9397762
7365761 8869968
3813623 34317
5431632 9615265
2975269 4520073
980020 9443290
131062 6323460
5169879 7993866
2399940 786136
1522317 1051524
6814793 3071588
7212824 1892228
5883507 5384295
2531734 1303908
521036 5915038
6175798 1436852
7070711 7381731
2122424 7920282
2082568 7507054
8661573 1379799
5020046 3926931
913879 882230
3021547 1701972
6205397 9149782
2322396 1535393
4432534 7496423
6720240 8824978
7993450 4929288
1692005 6610824
9116797 5713121
6465254 5797054
6039515 8413390
9076860 3593701
6097508 6600113
2113960 2196419
715554 6169276
2554252 1795736
9515632 4596369
8858420 6340515
468924 3533861
6655731 4292931
5432251 407344
6544298 2733884
2197788 3543701
7875564 943328
7958990 7128056
6662616 9650513
5198378 1741514
9801215 4681629
863693 3723709
5682746 2149380
3159390 2296713
8383611 9616549
6651311 1007331
6845169 8448900
3580221 5349657
2093633 7838443
3399001 8093357
8350934 1891502
1759940 1735517
3793761 1003875
4555458 7619298
9748758 9764370
7445843 4858932
6670746 6970026
2276118 7846630
5512886 1062373
9872266 928386
3127423 7244045
6431149 236624
3295034 8370719
9871655 5933878
226170 3567803
8532432 7703051
2394408 5572156
329245 1778233
8113967 8524386
2981312 8346323
373276 5261673
3245173 453847
9400828 1807757
3494592 9944600
9160392 6208479
2559653 3881311
6565376 2349657
1543994 9366184
6136083 3567489
7574547 995914
7083914 3766149
8174359 3984186
1845012 5530051
8327473 16357
7688809 5241456
4561645 3057211
9850271 1149475
3005333 8196045
2461624 2937344
1673402 4742618
4710292 2046497
3725252 274592
9239698 8713719
6044961 209326
5375161 8828032
5246861 7821531
1445229 9960476
4970998 7365274
1083338 6319122
3334161 7513520
8255505 8146126
1681313 6979986
8447065 9009507
8901326 8448664
6797660 2336913
2420401 741905
888266 4674871
1436170 6325188
7787877 2655789
723559 1897139
173762 658674
5253928 6289078
6482396 3838897
6424547 4674291
446938 8645638
2978348 5305364
4388422 9318054
6565523 5266008
2861219 8885777
8090705 8420941
8176379 70943
4433645 4729289
1166206 1834070
8450048 6410597
2529022 3975539
968272 9889223
1923283 9019111
8616796 1001147
8920829 1802539
7574351 8152636
1238072 7480918
4439039 6494815
9233788 4671958
1825736 7952508
663022 7820154
5325053 965172
7634181 5929815
4449717 2947874
5882220 7737369
5528526 6930649
1455303 4312595
9104199 9361802
5640841 6731666
6356387 7884446
9302641 6119006
2814057 6690046
3650273 6813662
3946173 7084326
91835 5507350
8130371 5502479
8130756 4167461
3606255 4727849
5924414 150456
7851366 84012
3826364 7665316
9275287 93089
6180970 1036227
2821648 7813891
3459322 975951
7712094 7916127
1389801 6321071
3138119 252273
4190219 8070086
1488231 649169
7992883 4270552
6113853 5079617
3781451 5655158
8636863 6029507
1097726 3161902
80951 2410146
2219207 339959
9063988 41948
9956233 6152143
7204412 3490032
1758444 9739838
7946624 564721
5248691 9440461
835293 9747541
413371 4524443
6720269 5250939
7928996 9390630
767789 2227610
5644993 4407454
7448756 4384252
5713353 3114554
6366564 2222286
5783459 1916651
4236796 5088512
1513858 3386489
4304627 8673811
8432986 6459452
4689407 8568142
5684745 1704624
9977780 1088922
4310398 6606672
8750538 2035582
7626090 4319803
5585316 1714834
3401096 4215455
6019239 7655002
2930955 994662
8912439 9923514
7006914 4424319
8124792 2847691
4168171 2523479
1614804 7035517
9355515 2213728
9840055 3372880
4646810 3219276
5537236 4502443
2892858 7772997
9733814 1059308
5768061 1963728
3680738 2653900
4802347 1873960
7965611 8964710
824956 944296
7249766 3611206
5878162 113232
8251051 1932951
1922650 7743588
5429620 6810298
1198165 5596502
1363585 1306744
2344349 9169282
930496 6309634
1187669 7931559
2598610 965710
3210833 810376
1093662 1465881
710506 4564874
7715453 3891396
8230488 7360684
6177829 5556000
6566013 4513405
6696226 3854778
4923546 3315493
1534602 3519194
3565347 8110839
5118513 9964873
5715604 617309
3936633 4624821
1849881 5105629
8153790 8159532
8451011 4558607
1091544 9453209
5751628 4210075
7419836 5994691
216208 7844125
3502701 7395591
5934001 566814
3460133 8871612
8768211 2992721
8852339 7580876
4673429 1462854
9720534 1922293
2184646 7334062
6892694 9247845
834808 8438795
7616757 9305374
7694605 8753801
8197181 9565724
1025075 8357874
1018489 8405209
7002838 3183315
9767226 7710890
7729648 2853323
4902691 6074127
3211289 1770588
3208418 6290905
1090443 8204719
1680305 2210526
362683 993019
1314580 2587841
612261 2442250
6141268 3642203
6504800 7813155
3727945 89858
2028458 7978283
3748468 4289656
2993136 5736002
3785867 4153386
318821 3125689
5148684 2260937
5018748 5950130
523356 8978745
4683857 8854950
3518221 3017421
1578927 8875858
8010298 4023083
2793068 9163476
1531995 8815057
6472253 2462288
9178079 1882906
6953485 9602343
2005444 5320033
41804 850587
428208 8888483
8604964 2523295
2890110 3938904
5584584 1527160
6259377 8104724
5310955 6413512
2665291 3787338
5058422 3399735
907777 7752217
2634548 8221504
7570649 5867358
4593914 1859501
5971808 1359342
5620317 5013857
5239909 8171076
3663168 4525601
2727703 3088517
902809 1938929
1029490 9884614
2485153 5811385
8815528 857166
4403525 6594865
7296026 4297437
5537048 6525960
9288637 3660121
1537419 2172927
1718446 5754175
8028433 6973705
9520312 5191640
2799028 5537657
8134892 8184496
6910614 2816156
6297918 3283843
8779564 1169856
603643 8799244
2823359 3457146
6564098 2550759
2856371 5414339
7677751 3738989
2033033 9564583
7389509 1126065
5757856 4191703
1970767 5784739
9154849 417648
2342342 2011809
9579215 1814292
4176337 8069735
5618592 6072937
5833597 8620271
7738081 6326615
4460551 2883181
9892670 4839221
7770662 2590034
3500822 3402576
375306 472712
4527558 1354976
953101 77017
8137207 7164515
7228324 433072
2192045 2354950
9937274 5961825
665182 5914701
5187099 5347443
3379945 9625259
3953361 4952467
7843648 2142058
2501590 1069235
7723118 5461344
9452621 2661252
3028188 7314355
3894970 6860240
9190045 1964177
2790375 6198303
614396 9111032
3601940 9017740
793075 6062632
3315633 3274351
4403878 7626404
8806447 4221997
3124661 8894074
3600669 5912416
1354513 5099070
9631869 8927364
3156492 6459639
2037358 4012549
5394106 8449512
3353219 958246
1398067 3550376
8313456 8875309
7156752 2030116
5609860 6303897
3129646 1960329
6175987 4702197
698653 8110726
629417 243277
8575611 9757811
1447222 897398
1120340 8914526
9861748 3169353
3372994 6266224
5226618 1770237
2593109 510676
1162035 9728734
2799465 6548920
3216823 5585337
5121973 4439877
2162863 5232241
9795286 2770341
7732487 3858281
3418081 3191322
5413908 5433431
9727093 6450908
2896292 5331401
3359453 3329726
1256386 4472654
6719393 7153721
5717281 3132815
9928059 5766786
9588687 8769151
4410841 8210446
1240962 1684861
3880708 1677399
238086 7988180
514487 7795689
411110 3568564
9718196 1659980
8868600 1381794
9831230 3924732
3537502 762972
6561621 4669531
5904123 2681419
8266894 6344662
5167270 7145569
705050 9024871
716418 2724651
5188785 8338373
6514865 2649097
8134258 7171260
7051609 3863360
1320649 4317203
7467611 9447742
8619840 414829
3847958 7784436
4155627 7188712
2966421 483840
8273122 5574859
1617837 7673099
4943444 6231249
7129886 6954097
5801573 9182813
5456146 9223024
6854623 4111141
5185305 1633935
2796305 2888323
4020027 3030772
2903436 2727914
8048699 3448466
7150192 4160184
8822854 8140535
4876102 172710
4445016 1698769
9589369 1207333
7511446 3891020
7528186 3823872
3712676 7717036
4071091 7602542
8276079 833423
2571137 661202
1351158 9979050
7612442 828845
6703524 2129499
1237832 3480183
3873030 5666858
7489063 1374593
781991 9861836
1372324 8537713
552184 1533327
7760135 5328574
115014 9037068
8130702 6053130
2236713 2109082
7480950 2648990
8657914 5351948
7142138 3975845
4220515 2982697
4920578 6211495
4876989 7681142
93210 7405896
9844875 417208
1777919 3577764
694010 8500807
820285 5366302
4778837 9225450
3899347 7733496
7845694 5601964
3229395 8804724
1741860 1139363
6066361 6245499
889211 4741735
4543673 8338713
1540393 5568657
4464004 2340866
6511422 2471397
4798232 5553304
489514 6961913
1905487 9623766
9865647 7986351
9948265 5146423
6159190 7892081
2316448 7026238
54861 6897836
6550777 4209413
3673442 9600478
7778652 5565371
1153093 8536107
3873792 4686823
5133807 8910662
9074295 4358466
5848242 8024296
378843 6496860
7361753 5438765
1489451 8778742
1801360 6577274
1555813 5758134
2514459 4358366
9211452 1940868
8293116 8866219
5223723 4341961
9827310 382676
3470535 1584061
2430212 4876870
122186 3217257
1538406 5704308
250065 8772637
700390 7531566
3605920 1608815
4840617 7301363
9474079 269832
1891468 621774
7440243 2627935
1273505 9716887
6137078 5911267
5225867 7217579
8778143 4557384
5886021 7603605
2489786 2298878
4859094 5560166
9544923 4628245
6593789 5226838
2229269 6281045
331610 92892
9234201 4496453
7030461 6277457
4929455 3876997
2279873 4568068
7966845 8392184
8432380 7116341
5004678 6974650
3051401 4075498
1403300 6232119
3206623 4698417
1383761 1642481
44793 2041116
8708687 6335911
9163913 389478
5902051 3655389
2871981 1154827
1260736 7198018
2636387 4123817
6397415 2215496
6672464 8016836
304845 7245619
256039 707728
6796599 9084286
5350487 8402741
6284027 9222569
8655307 1625464
4582340 129446
2086433 7926007
3234258 727961
5188218 9303822
1284091 154658
7281295 5960884
9677527 6190567
4254939 2236396
5894447 118042
1328308 3629470
9830801 912772
853747 5820063
791279 665293
2219620 8498996
5277390 1329515
2111130 1213365
404895 4830706
9534999 901345
5244972 4837245
625263 1417607
7789225 2201755
2819837 8837754
5351588 8744511
2916234 65078
1645904 670189
655166 5006505
5599016 4743541
354531 6903472
9182433 8938045
7815597 992111
8459594 5928959
6163611 5617626
4307295 9627875
365098 2517844
3214670 288111
3824808 1075621
4986281 5409512
2825223 1492672
2532582 1896910
5659600 1051687
1212468 3374623
7110181 4284574
8308085 4786100
6026352 8672649
6229937 1797290
213414 6308277
848055 5634551
7527519 3403365
5896078 3449095
7613832 8016318
9172754 9824161
1953179 7099703
2123343 5027533
391852 313277
9398029 1937921
1881116 6672023
5755664 4809927
3669726 3100417
8089650 5250629
6176858 1842483
4480264 6776166
6348590 3047543
4654634 8445447
1401597 8905543
4673694 9394838
1898014 818021
6750165 2830497
666561 9763539
115239 57251
7390289 4662602
998189 6606707
960434 1954013
2261277 4971234
3262536 8062042
7295074 7473502
6399732 8574950
5137500 6645615
8581685 9068301
1981453 1872181
4259522 4286848
2624781 70715
8547038 2325677
5193112 7166691
3906501 3830243
5074329 6165629
3705825 6864283
5125310 9403224
2329660 2276770
7734869 5181615
623028 3890881
1193337 4772601
9099967 1721737
1672482 3915704
6169640 874543
9932077 8906859
42242 5735871
1135269 8403802
2668976 5446256
3996413 8320865
2764557 9264744
9592373 3285464
1081541 4012680
145040 8847901
8301043 4555406
199854 4713682
1331166 1109646
7543343 4607385
2788890 9540866
7035022 5913534
37103 2610325
6495939 5817037
3322612 7204134
226940 2448763
9289032 1946868
3107650 3329457
3822161 6920414
3524352 5982406
3873957 2339045
7697467 4948817
614730 4344465
7833854 5367860
952381 5009648
9246592 9299423
3671069 4050131
4217841 4316520
9468713 2495987
82550 886469
450688 1145031
5432948 9888267
6445408 6290715
1774469 990070
2596150 2920868
372052 3267525
537196 8931673
2852459 9207896
1540991 2090687
4682259 9752544
6961109 9018680
9349072 9793398
4404190 9773469
1468861 5457306
1981899 2654928
9604905 4873521
4981284 5236211
6550028 3534465
5643755 4263539
7373388 4594301
2618772 1476960
3417675 290561
3584298 7688106
8789408 891347
1335526 5426335
9638864 6070874
7448952 4967038
1528912 4571442
2884199 864492
723824 1818016
1011333 3110037
3594626 6408004
7075989 9368774
9035539 4233809
9225895 1912989
431282 7598276
2983618 802120
5534479 5143396
5846041 3907438
4557310 8121745
8896120 2506102
8299837 4686
2224772 8379994
8963358 3951775
1068224 3666752
8209128 4482047
2786678 9315874
7982732 175599
4322550 5767959
9817803 993108
2947924 7065236
1882959 2805393
7414101 2764161
5327478 1889512
8327022 3084398
6147137 3031502
8830577 2757584
4930834 4991009
7920517 4314759
6652043 5361146
5368074 9917400
7073699 4954698
3286066 7840447
2384342 9438441
4064800 3890404
9423855 4287077
3104656 7942994
5409214 2600368
2240108 1648263
3259319 5195152
1676336 6581617
3849198 2885214
2056 727625
610227 2775658
8539788 236343
9061468 9501546
495157 3783653
6401100 4882382
8622370 9969572
6930590 9172514
2132726 3694291
1852243 1891104
2657192 9831009
7448713 8579940
3465468 1435210
7296109 8195453
5806176 3599713
3326699 2146218
8057126 9162909
1247700 4096589
4655604 7482404
8109463 8686923
8532012 7469072
9221834 4967117
7150202 5682824
3734127 1684702
5568182 4748561
1858611 487434
6002895 2876654
6814611 5545705
7196108 4114657
9276750 4471114
90425 7354680
6266794 6945393
1533326 4666411
4589785 2007803
7444534 5419915
7888309 3018014
5146583 8304607
417059 1575446
7613897 8591520
8484817 1463142
3171757 571934
832567 5861421
6061642 8521457
7318968 8370755
8088133 1280114
4101409 2041551
7781953 3287223
9329089 9346600
4800841 6000233
588382 1586095
6100186 4678228
333003 9383066
6455432 6617246
3614434 9944726
8716928 567732
4810852 7239801
6083354 7073622
9863991 4658720
9981108 824706
7575368 6402031
4844771 2733091
3526366 9536021
1277760 8118030
4232466 6356909
8771982 3406761
4025611 9024138
992715 669671
7841672 2625019
7068041 5881119
4995743 242835
1514178 2645848
7960109 6130447
9711745 9647488
4528328 3414836
2969271 2627429
2368192 9608924
1972825 630449
7881905 9445531
6596827 9064417
4704668 6079486
2203178 7544492
330016 2099398
4201562 4627375
2304543 8701302
1226526 3822748
4217714 4209052
3223056 3155540
8674038 2121757
3866116 3514066
3387652 2818179
2393103 9903197
1843606 6631534
5101231 2203676
5797310 5388341
5764730 4925600
3559754 4412071
8657737 784238
5768921 5476249
8982406 1369113
6031534 3380694
7324616 6050602
8566815 1972857
9048313 865723
7831792 8782138
5324928 45418
6882852 3273648
6130945 3892323
557063 7393350
6957699 7100927
9002753 4771107
3193588 5120222
44802 3069946
6398998 5531918
2711275 444554
7203552 9246869
3185916 1570551
2561382 2437665
8852786 7394334
8480466 7208711
1327415 1604603
9005884 4783585
5211013 2198327
4073861 6387131
1163960 4233910
3100854 5029460
5997742 5823774
7991742 9815432
2438143 2698005
2069214 5897125
5358164 2578862
451435 3896903
1689557 3474394
9479397 230001
2135776 1257936
1302947 1696722
3158752 6488270
6172430 8910063
4248857 3450261
4105146 1804813
3985683 3606569
9230087 7337937
9860142 9607189
4687588 2240446
1521449 5760612
553348 2336684
5077882 1902324
7529060 1492583
5840285 5055590
2273645 2912858
6234535 9273351
9861547 7694645
7219717 2120737
5834130 9482683
5429186 3236293
8316989 8258537
5340817 6563188
3227236 1631035
1063 8769220
6022980 8773324
893076 3424385
9937365 6615353
5464023 4555624
4146035 9467469
340240 9596707
3050725 4052555
3697412 4194501
7411959 8078891
427576 9308487
7359465 9581499
6107194 1891428
9216549 2402198
8873123 8728201
5079329 1128402
999510 809952
7580049 4559458
8279168 1114822
2263676 5316744
3498605 9693243
8989903 1756080
879302 3654581
391382 8768002
7993756 2438548
9114106 8214094
2315783 3023637
2830003 8516161
7123255 9029524
1581131 5668629
1875072 1946115
6649791 5152090
7632784 7787132
2620805 3800379
2950185 9399191
7859854 2235147
9956599 8351832
4730517 8932729
7540695 9788757
3247299 4204501
8626133 7188831
2818645 3146264
4937768 5705670
9670931 1029038
3051728 5592807
2016139 723206
3345127 703187
561678 4840570
4224971 6103252
539137 3347097
2189715 138306
8762338 3068029
1384984 392419
8249716 45920
5645727 3368226
8433841 1634765
4540509 7982991
7283647 5511379
9404342 4783774
9806034 4203422
6045168 9945401
7373668 1066585
703274 1514959
7287313 5518455
8723125 8282617
5590420 5279926
2619183 7064369
8080265 2006681
1568818 9869128
783773 3219609
8463658 3274997
3659840 596693
815466 8901014
1715485 6866197
9187477 1897994
3676799 9184336
484733 2440368
3020006 3035310
3682148 4024106
3526929 6254593
4746288 4000482
2921422 8305046
2667599 2496295
6099891 1172368
714552 1615212
9023155 6777667
751853 136493
5316399 3855919
1679478 4418099
4936103 1683798
483732 7096160
5488631 2140062
9611854 7642994
1818223 6147336
3000361 9623365
2445957 5895496
7473174 6488611
9612541 586511
4265828 5139825
360731 3790818
9994186 4683182
1074343 9262948
6913886 78
9465534 160989
5273532 7553191
179148 4865648
8122657 4308583
4154410 165438
4572627 5014798
4217376 8475025
2219957 6701174
8610202 3757388
6045562 444685
3210467 4659956
1415435 804277
3385362 3836734
4763156 4177522
2240809 743054
3349959 9746552
9618018 2905740
9833459 1477248
8864276 7362053
9821807 7604552
9825127 5949097
3280896 3851289
6999731 7727079
3208320 7487192
4129911 6318397
5189703 7797043
682656 353732
7314054 4133646
6908047 6781590
1882554 4066473
305660 7800962
9983550 491560
138839 2681700
4731821 5959189
2610805 7281851
4110390 9311881
2074666 56967
3582545 6946542
658832 9218259
6619522 9339679
7709045 917630
7142975 3912273
2471765 6555188
7392319 307941
2316867 2676300
3988364 7164630
3263244 7852024
4050165 6720913
4115256 662369
889833 7454642
1034420 2056480
1725734 4285861
5412412 1203124
212298 4542893
4906815 7145293
4099287 3479732
9689752 74328
6141841 79307
3548322 2248220
6435808 3062556
7629733 4469541
7310566 8078730
7379127 3957856
1277386 1615939
4990930 5137995
1383379 6142136
8736892 1470713
6676060 3780096
3730361 7880287
5332064 9724131
8256251 8804156
7731619 8015142
7201527 8549999
5980969 6051950
3217482 6615344
3086127 2146606
4279818 6193393
1592417 5691407
2894374 1457881
6097591 4308503
2270088 9264125
3330943 3528350
865702 855229
891490 9047607
8190392 6254614
4820865 1648278
9110500 7157410
194258 4504865
9013382 1161099
6195907 2486281
4367297 623248
5118363 2054415
4744998 786460
8679311 7986571
6332792 490088
7940707 5534196
3515247 7327296
2238889 2961800
8758529 6044630
3925897 9407229
6840130 6496043
3604350 2669733
4066515 428009
8967500 4697678
4725751 6319672
7324035 9057
617324 7241839
2887272 7616996
2838372 5606038
9694837 8842573
863854 8631670
8309270 5337962
2563427 1873708
4611561 6525523
6117019 1557202
8789477 5968730
728771 1608087
1401556 6698453
9924828 7568394
8332814 9248344
1513111 4645797
4882570 3573677
3610511 9154922
7871517 6209936
7897133 312702
5798896 970026
4924783 2336036
7944452 4874854
5128663 7697385
7791343 2486714
8353309 9514114
802963 8877251
5024154 3747978
8820149 2470788
1968822 6301309
1430410 182107
9136293 580539
3212146 2799961
9130518 1069873
1826680 7462847
9628536 4069253
5378606 7404409
2137477 7000933
3829384 7327102
7883076 3407487
9566976 3610777
1994978 742246
2988717 6945151
9068851 4651287
4427795 1568341
998142 7154041
3261954 8682603
2920983 8616958
2285912 2078693
3016636 2462144
8776812 9717334
5479802 9593127
1237745 5478910
9128248 6397084
8123296 4576689
4997153 8775329
2278054 5323688
6292650 753578
8516677 2198190
1846263 8350884
2369728 1457528
4914627 4026072
8158560 391093
9537573 984102
264292 1765462
3893277 914159
5976657 7204296
6297338 4088564
5399564 8947378
2054986 7985120
9043860 343860
1335034 8679396
9533962 1284928
540199 6452149
465385 1238053
5641734 7460447
6706970 1949718
2809734 1281336
1472694 1401852
2929764 7982599
2525195 6470407
5851502 3779057
7662204 7604645
1193449 5180072
3281722 4214752
1933448 7804874
8260906 4306457
1061041 9127880
5161913 1968744
8419682 938157
3565775 6654111
3727923 7800373
8982624 8169890
6917323 8695258
4536178 3428309
9528208 8340440
327195 4125968
7393455 9097743
1983683 9619169
7667419 2980130
8510857 9898796
7279392 4841254
9597471 583683
1620532 8186449
9479925 5464077
7169470 9201196
233962 5439268
6386799 1190198
8419217 4173524
8926345 2596598
3490162 81351
7229084 1252039
2839850 5942498
5471239 1952973
4185739 20709
1702287 8955831
6110344 7318738
7732134 9088044
3532183 9158535
9742191 8274143
5985672 2897854
8746121 6259195
6723766 3646945
9691985 1181585
7923987 270489
880684 817444
9774797 8075382
3820513 7655442
2563539 8662320
1019551 3739407
8509456 8473193
2284361 3750655
5106163 8066671
5791666 9521312
7576658 3578027
1649923 5387090
827261 9719227
9347615 2899442
2343898 8756796
8230654 8344280
8264049 5558476
1457405 7046783
6529947 7371886
5237422 7270306
1663061 2700618
9286210 6022097
5395887 6203555
3982210 295610
7867390 6012322
9684611 3700741
7921613 7095105
3634888 3342769
4238663 3881228
8964257 2149256
8995476 176940
2100893 5659753
1828575 564737
845988 5204440
4564500 3673500
5498596 4238494
6308054 1194445
6974053 6323439
1875062 1931565
6634834 3058864
8626505 5812295
201617 413564
4887802 9736597
433673 6340837
7951264 72530
2312803 8135295
1340895 1893694
2569143 1412533
6278105 2205837
2061772 7134412
8575068 379171
7142434 382976
4383341 7807883
6403879 5215968
8426567 1912666
3141756 2832488
1105260 295567
8044057 1657577
3955923 9532445
9211842 4347654
8226723 4677456
2062316 4572305
6904427 8094248
4126536 8977692
4001599 1484474
3764118 4182052
6688063 3764655
8136261 7473418
5044686 430939
1052169 2208201
7091304 3954850
9287945 4209408
847515 4894349
8360219 7991744
7294378 9327023
4838453 8868956
3171616 2932494
2506933 7283951
3223520 5983741
2409303 5641790
9737809 5538871
2960378 8549127
2991973 1814373
9758101 5082481
5474469 7582326
4172651 2659226
5816819 4915090
344545 5724750
1306146 7252378
6088430 4977853
9970477 3985175
4541488 7836394
4402835 6468313
9302905 9292177
1558050 4348697
8455361 1421198
7029068 808933
5304147 5081064
6947090 1378460
6404057 9759189
6487314 2070114
6838520 1138219
6245806 7165869
646447 4009171
9494789 1707992
8528095 909451
977283 9447511
3871603 8970210
6299712 5455492
5033833 2479631
728046 5437241
7502685 9535606
4435378 1980726
2018149 3816230
4127522 4172152
5579945 154010
6156617 7196730
499956 8876431
7286347 6864132
8071235 1212426
5570981 879781
3637041 7662332
2690008 5614493
4453907 3823778
5579327 4398259
5174413 1855816
9190090 8907724
3827892 3266204
8530048 1436205
6834805 1631174
4746438 1784538
3785947 4761376
1120982 618995
9950613 2595084
2315313 1369709
5291014 5486061
6268496 5613848
2977101 1065274
7793351 5075981
1807503 6136635
3274420 254243
3373592 1666781
5808419 5752366
863785 3741593
3398415 8780631
9442883 4688976
8638544 6149081
1471176 8571790
841321 4720067
9808108 1464364
1310160 1136278
139764 5456822
7613247 114582
8424690 9291382
5829386 4397153
8599016 9218477
6401963 575111
9532214 8429414
5442742 476120
2398949 520805
6647389 5447942
8101350 1610120
9145553 2409569
9402243 9111741
1180258 1891680
2944216 7982636
3364972 4555003
7821792 7266027
8954163 5832054
4107661 5853671
5214208 1540203
4678402 439087
3040229 6909035
7147444 13651
2664997 3265497
3603652 6777319
2222100 6152920
4821743 7888542
7023398 3081526
5882122 1936693
9068569 9342582
8266947 4907652
3654929 9612538
4764275 5183738
5953706 3201732
377662 7917567
744797 9671638
2252884 3830283
7149088 3680564
2615474 8930940
2470674 3060709
2265517 3712041
3488618 7005601
6051981 2642709
5414833 8145553
6426429 6450746
7359083 8786240
6950537 1151691
8305807 4882125
8593068 9121199
3637022 1472041
5714548 8223324
7907933 9365955
8169171 9793523
4690893 9712569
8333127 982081
6001451 7019961
3242249 8110485
2572425 7380595
8406317 9051526
567324 4951010
1518045 1771332
6816998 3599730
541495 6770623
2436842 9523807
5730844 5286852
4569150 7392440
8553512 1495087
1229652 4977241
3151902 178396
6871789 76958
321476 650213
5335346 7253540
968323 2979116
2838300 2615452
6722502 3996638
2565002 2480563
5378006 3561798
1609468 4553944
4364133 8960918
3400238 908849
6615043 1068907
9315530 8917901
4423949 9809176
3426863 6029556
8099502 1917750
1153822 3938451
7856520 1070953
5825662 3862102
5057628 1526882
6096582 7015628
3965858 6712914
4903558 3143406
6787275 8212982
9500127 8099863
8387146 3749945
3404403 2998310
1400024 9133478
5985925 2199676
1548412 4111511
4194116 1369640
2093839 8333253
3890146 23793
5281216 3484597
703286 5581547
8172155 328622
2515069 658525
5064422 1921985
5859402 4688422
2473629 5448050
4588405 6006414
6556959 4082056
3550070 6461194
3290763 3080995
6455037 5996226
9838732 2445160
1911876 9995782
4634824 8536272
3908751 6694547
1813308 2797569
2247672 3025604
1943941 8495390
5617832 8175993
7461160 860570
9987213 105083
7156387 6013579
9967317 9629121
6702215 1360555
3306565 7211065
5435974 477795
9982885 9484358
8420478 9365178
3450444 1264709
3130589 9417041
9085567 4278942
4793323 3380773
3622559 8163140
3853617 4407200
5059115 3190048
2807064 5742240
4299043 7967510
9717458 1450273
2636646 5096440
1471999 4700665
4998310 5543496
6377246 1067701
8357877 3458285
2746041 651370
2427422 8896425
5194687 1967310
3475997 469032
5616238 2273588
4277119 758164
9803592 1034113
5465470 5275140
6934357 9759780
7416712 8656158
2236481 7785891
1065942 2962004
7330142 1603468
3570035 4503734
6109598 2814267
3575669 325053
9250514 1311820
5803324 1256163
1140878 8958292
750085 3208371
1608320 264155
2578640 3453219
9372086 2871865
3714365 8661915
5388436 7246046
1774984 1409547
3339697 8320438
2091084 4416896
9184317 3482814
2666110 481120
7536688 4771139
6829961 4601596
7164189 8982376
8308224 6987998
8500677 9284994
1744483 6381867
2893598 7713034
3374210 6543509
1221138 4759092
4417140 7685516
8336720 9254702
8652071 7142754
3406166 8196223
1187864 645713
3360132 862888
2549033 7514749
3093208 1139098
6205054 4786234
1376245 7842070
9680256 3550030
9994845 3850998
9723591 2856438
3379891 7102821
6521545 6008342
5079065 4650921
9607196 9630740
8327146 5828403
277149 8538478
3837339 5530500
4890090 7394694
3293014 2894482
2538650 5447581
9928663 2780528
9675462 5961289
9431851 1831321
8546114 6076120
1603757 7226986
7205701 5727266
7112380 9676940
8362202 6781615
1945674 3570038
6662255 3758585
9637842 5955179
3651042 1220147
4694952 7453897
358182 3481111
8151552 5128451
9996544 2818828
8929788 7618997
690570 4237767
740110 2759087
1525324 5171223
392450 8255504
4388837 8253875
2578028 7078470
8118447 5685959
245814 1429361
3378222 3858354
8745083 7773284
6090979 8514634
4477778 8235384
6257176 5130624
9618413 5507157
9767838 7823
9609077 6648648
8690915 5265812
9503171 905198
3134937 559327
4825516 8975110
7411639 6729859
6224152 2066269
9268273 873586
9205928 6760595
6643350 2580324
2879270 1720859
7906354 820310
1597997 2640983
4022032 7733570
4908042 1960542
4425806 9212353
3011543 7064603
6607679 69906
4893242 116555
5611553 7923117
319834 516692
3874547 5331208
766132 2786999
2606681 9613369
7052433 7682260
5882841 8426173
6590178 7817448
1694952 4809843
4165333 7111992
3812974 936584
235418 8346551
253683 5334054
5292532 604772
1310951 3151347
3709170 3880661
4117420 7738664
3914385 6729460
6965373 5131589
900763 9655709
914925 965903
9892769 4545859
8975817 4430072
5532624 8829966
3042282 1385686
3806161 9991321
7917843 8880119
1306698 6120088
5523609 6858191
2046140 1785020
1181940 2054810
7900439 2251950
2710606 8912076
5244696 4614941
8033726 9083759
6417638 4310666
6196367 9443248
8765611 1238886
755112 2629965
8853763 2513863
578083 7913849
6570197 7722479
2279109 7582569
6705461 5247864
3306400 2473770
3351675 5904443
3976029 8974104
217990 2002036
7639395 6554077
9169819 2136022
7579588 3220877
7889876 2089392
2982237 4657345
5632323 6079271
6495204 968829
4108184 3241449
4799930 2846503
2586234 6402073
393602 4722740
6187280 5039125
7574940 9372286
7258324 8114384
3733889 1839904
4826551 9850016
2479015 267016
4133004 7736516
2229100 5470251
7253834 7723337
95921 2163893
7786498 841871
6224788 7735555
5201678 6754509
1626109 4086761
6494392 374565
3911980 1191636
7014179 3194061
6749002 2398808
2606959 5596729
9689194 3249662
1401569 8713162
1132402 4250352
7830041 1301967
3659227 2231549
1950855 4209699
6108434 341448
1808392 9698146
9150284 4088791
2197174 7708047
3125463 4846841
6331818 2187397
3040185 4766395
1637453 4979425
219656 4121078
9619093 6735964
7072843 4784310
8381453 4288462
2165193 8605746
2420830 5191486
4237592 5108032
9972004 2888052
1005815 3619518
3329405 2372439
4114791 7379406
7057480 885407
556935 3839226
1331320 9381090
9253739 9971751
978899 319089
3863815 6714923
7359598 6669458
474512 3722485
5373594 1430068
9040166 1148385
4108252 3649435
1301830 5197591
1341116 9838716
195166 5328064
7114783 6593400
5705991 9518355
4354023 7565336
5334443 3347188
1941612 6227332
4289436 1251272
1920700 7913037
2114096 2779580
221901 4105675
968445 2352538
8977493 6178959
3685882 6379993
7914231 8217116
9788819 4270839
1826593 2649433
3753610 6678033
7384805 6390723
2497579 2800506
4300896 4123528
5953382 4902164
1568760 6667427
6319451 5935624
2436929 3725388
6456769 5788236
8262671 7762871
4081506 6921018
168978 1504724
4983522 2866206
9853078 5330050
6471982 6970131
701916 9655653
8301007 7988574
1460945 9095209
6365959 3611440
5637762 1367405
5476256 7753109
3583348 2688054
6868591 9049985
3454389 8380872
2846643 7472579
5686883 2345697
7769675 4526403
9614640 2402739
9910324 4537689
7430665 6747405
2277991 1646151
6085567 232946
981925 1309778
7670292 555018
5158391 9097479
5461566 4627704
3400057 8025464
9386505 6153571
9547398 3124354
7028337 7138211
3899607 5549101
5353658 4352471
2281576 554699
8186535 2274780
8852734 4243197
9257254 8173517
5215481 2155459
2373514 1750810
7934588 1893553
7610861 8279914
8093216 4991278
872163 3344824
6633029 8178975
2213395 835708
7675811 589640
6592469 5362934
6686740 1139411
39947 6454119
6081401 8451626
4939981 2384991
4614514 6664950
2966146 3360006
7258826 9488420
9377240 4108086
7720872 352743
8203336 1893848
4448048 1656046
3180754 1120991
1686672 9296748
897993 4385210
1483954 6125558
2850020 6143616
3565617 2455768
7856259 1053622
2446534 6813354
7444583 5352251
2896722 2334697
9754584 4207879
2208565 4380113
5770810 6679165
7786534 3233001
7446551 6533738
6923004 6970281
3444639 7849935
2759727 85763
6450415 4440089
3913155 6899524
7495083 7830883
3258024 5671588
6890370 8636035
4046028 8196529
3462176 4357006
3223261 2376017
1240674 7967469
2806302 6860098
852128 2831433
6451640 5523662
438919 9629122
7988720 5870258
1475125 180654
466016 745850
2123158 4954240
2619030 5017606
9605113 6074805
9197864 2263572
5733479 3335952
1042881 7613983
358266 3968098
8684935 7656410
1462164 2612372
4543606 7799188
4347877 2415984
2188943 7177106
1496487 801777
5762253 3925638
5447245 4367450
9924508 3455015
7466318 6988425
9989191 4404661
5078479 5194752
5612033 8758939
6167686 9329163
1562351 6509886
4317621 3623280
6825360 1071176
4521699 1569628
9861755 1066937
5976973 7999179
6340660 8096598
8378877 6780535
8119461 6823111
3341294 4972487
4521548 2900461
9483211 490778
5013467 5763744
7032332 2368226
6835623 1485233
8060745 1211573
1061680 9446240
5128130 9666859
2218472 147156
174999 8101813
5493554 2273772
7744721 1351986
7294981 4276269
7650417 9309551
4746218 4708595
8965981 1643151
9476158 7913545
4830876 8432620
1068844 8022267
2537217 199867
4422582 2076947
8980138 5048950
1041514 7918912
7432132 877037
9355951 8273754
9350351 5693370
991143 1479590
3439017 5479965
9911884 9513799
5474040 5310295
4495822 8360038
7073881 9403128
3445316 8054390
4863513 4339651
3227179 6918171
9034817 3385549
7051742 5747736
6501897 4636726
4887115 5573895
9699933 9736108
9705313 5927420
6076948 3938596
8180323 1676929
3691924 5481095
1539007 4146793
2545502 5688285
6661999 8622578
95307 9679852
2815604 9183624
25479 1784078
1866553 181899
7704481 2235651
7245947 2987732
5799671 2266489
828869 9241560
538614 7274201
1951966 1677672
9643237 1404008
2568376 4126424
4765067 6442906
8248904 6821197
7951602 5422886
7521292 8913237
2741942 986321
1914232 6179827
4306930 3409811
1325228 4135391
3846921 7449252
6256777 1578160
8586431 8124502
9555307 7013951
803842 7651728
8454330 797313
839643 2128923
7247780 1830124
1369290 5656648
1052902 3059662
6331269 5732626
7595005 9693839
8032939 6702192
4074407 7071816
1360069 2976020
3389350 5951088
3377728 1445113
619896 9348631
3933090 7567875
5094948 582912
3427286 9524001
9832225 2302355
4504542 2641924
7314085 3663896
8365332 5656614
7656184 1855101
975670 3236304
2527165 5203242
5563254 1564156
9479316 9836258
4279640 1220066
8167285 6517989
8626099 7132242
3343965 3173837
6153092 2847122
7441218 7163176
8101769 4868704
3515632 4941523
4354653 6267298
8738153 9374104
8953585 5849756
298828 6183564
7444230 2884306
4381650 5617320
7850102 2717343
6503189 1585750
5413821 9424509
8547699 7546594
3292801 4285943
1903862 2812166
2700908 1329380
1823428 3019070
9643225 2782516
2646581 8318364
7924544 8123740
1999475 7991904
6150394 279905
7730229 5680558
5012473 7497526
214727 5049193
6907284 6438163
750485 5029638
897626 4453717
1536335 1099704
5680283 3394495
423328 4289407
8034891 3036904
5742526 2287111
2022506 8747554
3479441 5979203
8215196 904267
6908547 1107021
1364095 417251
3623759 4049052
1759546 5524069
3239616 2590039
8571963 6032549
2653452 7990560
6786711 1107850
15513 6091194
481988 2341299
2095296 896575
474340 5922348
4093292 2652801
9113437 9320011
5876605 560558
6190821 7446467
2875676 4400822
468531 4359440
2227938 9946744
5061377 7367959
5937365 2619224
8353316 1665757
4068830 8049608
6067537 2634639
6352405 5110092
4529509 1892968
6462972 3364595
4356168 8810394
941551 4388442
2661666 6602508
3031607 6505611
2921174 5202084
9440556 9993551
805043 9394037
6912622 1992513
1749543 512468
6921967 7720699
774342 2565707
6702883 572120
4898816 1293529
674430 7768619
8209254 1710323
8147050 1166553
6726350 6021427
6856881 593322
9301740 9045332
8988169 7083022
1723912 6312161
7169450 735361
4840766 5464546
9085623 1780200
1856820 329063
4406216 2880709
9648414 749163
1299532 5221706
280315 2109096
6369514 9959449
9430114 2330191
7847221 8515159
8553827 4436355
6084263 23083
656692 1759637
9844018 9910321
4027310 5509012
946774 5414555
6579989 7628355
9171185 428491
7745219 5978610
9796773 1393325
3532364 4934648
1935831 6255426
1053834 9863536
7510864 2177505
8471958 8947699
1410397 9659213
8122987 9944034
1524289 6694099
6019985 9788857
9202682 3250042
1124497 1467743
6867452 1733601
5953567 3495015
7987561 2786225
6173209 7895683
6737370 1536335
3486175 1524387
498249 7059494
1187146 6822008
4572753 427324
1331105 4063094
5181061 9519901
7838549 1322055
3081652 8475706
5533740 4301730
8333608 709877
1706665 4843539
2874336 1623216
8169909 8702287
1708557 8847686
2273734 5713915
608432 1200571
6167115 2780392
996882 7841288
9177983 9875018
8991279 2882804
9869652 1148017
337723 5521733
4313498 2178300
3717390 8101530
2583712 5244273
4247298 8314036
6665409 8269392
8973655 3570635
5452931 4148715
6849071 9809183
8511721 6165529
7688381 9283230
8344798 3055879
2068227 7062619
9243921 3372020
4843399 6453388
1415790 4418140
4596622 3015697
5661265 7825439
9783973 4284237
4108642 4590614
7752083 4559921
3147553 4294433
4247719 4099310
3160660 3422743
2117101 9229407
6843762 9615295
5090235 3059579
3498525 642080
7861950 8324092
879703 1599351
649405 9322396
6148128 9032463
4643358 4592387
9497155 5208593
5638707 4853222
7494218 8242752
1086783 1875935
4901555 6975140
5817477 962698
2064033 3430779
9401873 3188194
8139598 1556203
2701936 129426
6811907 1684226
4158065 8486398
6477065 6884723
1994018 2303457
2377709 1340162
9494223 4686189
2100779 5413382
7809650 1501078
160287 7203640
2543342 7726907
3131516 2489359
2387278 5500549
1287937 9757963
7517809 5550124
4365785 2740203
4767510 8651116
6036206 2420894
5973986 3936941
9868992 3737204
2647500 3923422
142723 4363920
7173861 324291
1366806 3782461
1602004 8185632
5769574 9443495
9385640 7679288
4059915 5527311
2425680 5852910
2914993 7037194
9474927 1417418
7223918 6861805
8272824 701988
8834094 2478908
3203511 824057
7507328 6586865
3955965 9580983
6436007 6167267
7465844 1043847
6262452 8673396
4813879 6239344
4337398 6382907
118706 5900962
7051330 165996
2041209 6824658
194864 4107241
941689 9699904
8969306 3661870
1311226 3876170
7328404 2640612
3670679 3797791
1628036 5034767
683779 1612841
3957051 7547585
4657733 2907847
2686948 1607589
8414002 8217370
5636080 9755924
8772038 6677373
8703721 2690654
8850359 1503359
742159 706492
749073 265256
5228576 1053669
7871367 5095331
1559272 5753658
2605174 8401450
1617820 3714163
5389104 5594595
9519075 8623139
8028478 1757270
3917518 3090401
6924005 1854515
2127679 8556012
831461 3602486
1050665 4921956
4556876 5126424
9250386 8909735
4111778 5271876
4950781 7204392
1704657 6430826
7869589 709365
7870608 4515211
7777210 4113882
2818218 393113
8079310 1961744
8339440 2911345
8609479 2169624
1449916 7550098
6270300 313549
438716 1325676
8708650 6616000
4234083 5531229
1552488 5946646
1303280 941839
8153100 7546921
8188531 9926003
4856376 6631955
7428092 3836088
7760856 4612855
8437891 3475336
9357229 9750018
6855220 9651842
4101691 7190746
7646043 7790740
4575422 2207969
2456021 8131619
2344991 4255424
4892219 7257967
8007757 462388
33087 4531642
6387922 2032673
1934949 6444683
1153540 9780302
8747592 9159864
392990 1370701
2205706 4010563
2736260 6393007
5415664 9280368
7573341 3269542
3437790 4723959
1971259 7737358
3949142 8005908
9152376 5675685
2708094 7063425
5303363 7119026
619039 5381179
9689327 7872708
4274067 3135245
5525650 7161751
1361015 1331268
3483805 1643647
3637275 259590
1508602 7836348
9255542 4083692
3004090 2302057
8774417 4558953
9238036 7669436
869349 4082898
3907799 539191
4384403 104412
8351215 2487324
474648 972480
7817930 3082954
5034210 1448981
3497477 5383278
3569878 4166
2556393 9689406
5765626 410765
8256503 240737
2831725 6516896
7433814 1529856
2634588 2719802
1731823 7321765
4633036 5167509
7986789 8211537
3537150 8029674
2100216 1472250
6561766 5988749
7665932 2703834
1053616 7526023
7875278 693106
643755 4669293
9511181 8745502
3361811 7506621
8705696 5564782
7030796 3436343
3571220 7298713
7784264 1461964
696012 9499228
7958821 3145018
8746305 5273141
3663723 755417
5480252 4076212
8222109 6898089
3172688 4612314
796922 7333404
8388933 5779668
6589455 4200045
8199393 9162519
493598 4596721
937665 2262771
5896117 4984581
915336 7332600
3047151 5601021
4173874 1552868
7709702 7628692
6090257 8638301
6395838 3179020
6254159 9148145
3293562 3104676
5580315 7606400
9515097 6497031
4613413 9215065
7492590 8709598
7464018 7873041
7895875 9641102
7648025 5253815
9175535 5965071
1872887 8905455
814878 2017413
5064450 3561110
4014842 5448283
1275517 2058374
2685455 184456
1451682 739259
695259 1561754
7075748 1743869
6838983 1802885
6283526 6912887
4808861 5976949
2740508 2905003
5016566 4807011
5280209 5478467
9141642 9671968
8766937 1435884
2938590 6033510
3876236 9584606
9014729 9288940
7076858 9189424
981350 2747184
9089621 5811488
9923929 5138756
5689364 1881144
4642249 7257944
5663385 1918791
4358154 1157838
3617523 1468998
9385683 6977308
1058432 9869407
2021730 4220108
2585997 5952984
7161921 8246498
573235 7426068
6630639 6747526
3106928 1434882
7505424 803976
7367595 1786865
990373 5809149
3453603 7055451
8472384 9058798
831342 5615808
8452595 910755
286710 1004738
6291699 4513797
7655359 790323
1854555 4869392
8033552 1958947
4953509 8699964
9710439 4222879
7748852 5366829
6112678 4169530
972431 3263037
3812508 7261685
3101221 6576617
6958556 8445248
1701319 1931947
2144953 1106556
8552210 952026
327609 9209391
8689384 3707315
3937210 7445419
4698337 3474467
209033 8140825
7067112 2321573
5459721 4093512
1804620 1771001
4396181 6516826
4456268 4435734
5061090 6124802
9171459 4303588
1008904 7219093
5016329 2483377
2210036 7315377
2964609 8665978
2082837 729401
7196607 1821089
4110004 5558886
7224636 5657889
8193009 8020466
4603984 4362808
409593 477656
9318563 4084855
6959504 6097859
7464924 5036423
1622419 5050238
9560310 5792099
5933662 6533024
7131976 4599726
9944162 5489848
5552018 7425528
7538770 7199231
1844061 1281347
9157165 4972562
4972148 6322926
9419532 1584321
3823536 388233
1721946 5227893
1315945 3567986
6674196 8074529
3375745 7334024
4065243 9416167
5606445 8250801
9470090 9129926
312263 2359810
9978009 832041
9847939 9271202
7852819 8159135
4627824 7401718
4869318 8829177
6133413 6296711
1618769 3092348
2866576 4867764
470257 5081463
9219547 1877967
727345 9312540
2804885 6968442
1161607 3538503
4409050 8872099
6135730 7752462
4601378 1682359
25266 7663867
194731 4003374
3096944 4028627
1084986 7301113
3604579 443235
1928691 6817008
620236 359873
3654471 6425934
7693493 8295700
5598703 748825
4169398 953163
433467 2642680
2038526 4899122
264144 2489232
7710964 5451610
7455376 1781543
8833040 1677796
5145694 8382708
7175651 6189748
2834830 2394184
4846427 9456242
5802327 1841107
8080335 663016
5470499 9925206
8863471 3395690
7105434 6839448
4898907 6190631
2276006 6926599
9992025 9815390
4434627 2732628
1413072 892888
6340499 1753058
8101423 686850
1622796 9650503
6233886 1481737
6884727 8620459
9554807 943153
1698499 3069942
2564855 50523
5686663 563665
5739039 6215723
7761705 5100344
353957 5672761
138440 5255861
264752 3548849
2157279 3433891
5538123 6729145
2510142 5350122
3731525 2543334
4140625 5490195
6128665 4987968
1943131 7057883
9999379 2277563
2997557 8084068
9854075 394049
4759263 1039573
3965800 7764373
9855810 8495594
4919704 6785055
5560588 9838748
4659910 4229177
1832924 7303930
3152141 3530369
155438 2678477
5513492 932704
3608513 3538292
5748381 9491843
111545 4364452
2642958 490209
3474883 3215857
7006016 4880149
111888 889088
9798291 1022857
2517931 6848761
7694823 9775237
9948586 8464360
4847704 8989024
2584330 4557020
1469421 72352
8001125 6301370
9444360 3070104
2881564 630783
5486893 1701491
1498021 83784
6653448 5035007
9054203 2539766
2401537 5375192
9208336 9390042
5127975 3414286
5403926 6303501
304143 3811245
2037854 5568543
3074813 2177279
277237 7267774
9823636 4607833
4178132 1123678
7958254 9126926
2395086 3579035
6729259 8369308
8326695 24113
1061198 202045
5017976 1569270
1497824 933798
6182984 9525349
6256088 9792878
3040813 1778483
3896139 9372921
4384060 8616119
747822 282569
4867433 4206234
5375029 3701934
4396539 4832792
9491337 7935105
6835079 9581076
7963544 2454190
7478163 4560278
4909156 7798371
1019897 7268302
6709705 9268671
6922332 4934191
7873892 1157243
695075 5528542
5861224 5229998
5611444 5168012
3243091 9737592
7716043 6461282
412845 1637337
6332707 1186668
6585726 1754854
2011091 235607
663302 8195273
2430077 4393004
73121 9959288
9514348 5883664
7772490 7759750
8496073 3977504
9075033 194010
4084292 5971118
4488946 3810812
9534770 7051888
284287 2994850
538073 9848026
140715 2844131
8598670 8495058
97645 971445
7547087 6075638
6261125 306092
4016813 8798113
9839038 8451461
1451204 5328410
3762832 1535365
8028125 4882498
8357687 8010027
9773424 4308863
9687076 9883963
1676874 8766649
7003922 8398944
9739300 3953704
1314480 9282755
4642789 9288383
1279733 1754082
6901869 5372168
8534569 4996112
8438144 3198443
8336050 9131298
9050921 605504
8857877 9895578
1867390 5137415
8976063 9363306
8888087 5196298
9849454 7727955
1370181 6672035
4319837 6255342
2522029 3635074
1579588 5695447
6630865 7237582
9135755 6596109
9285639 7410830
8706352 5131470
2272108 7835266
2941898 7151911
6263939 2909500
6213625 9861058
4806718 3605218
8025921 4591054
3525741 3370483
8606026 1425795
3976905 2685984
7085924 2267644
2509914 3639792
1769058 7762841
6950605 9669719
9042510 7356809
929795 9513798
7573357 2808891
7121742 6925332
6595526 3302144
8568830 3728392
6594060 2852237
6910135 2211452
1470020 9002513
1843846 3859736
1436689 6058633
53695 8336986
5021686 9300069
8254341 9373568
2189082 3438219
7299192 4708491
8420527 8697331
5064699 6192355
6347066 4388982
795571 3850787
3292629 6097604
1785262 8939287
1945641 9482342
5446524 3644768
4589480 6353641
1632702 6487207
4735286 7113355
1910488 1657548
952112 4670695
7183885 269452
8085661 3055511
5445880 8970893
9572114 1851347
4733357 4983386
8544396 8234510
525681 9562399
1737147 7927640
4216495 3547538
8520216 6782187
2482696 4413266
7357023 3873495
6616273 9730323
9474615 3401202
9960090 9010587
7172486 7279472
4994017 4859335
8152815 8307981
4654856 5107501
116662 1788093
4752251 5229178
3584374 8196158
1120758 2196754
8592562 5313776
5431242 3942872
791698 2013346
8662125 3366590
8013830 5566718
5290943 3276624
4617928 2497721
9615111 6149617
1318090 4114497
298259 7703146
9751292 1443623
3876088 4966472
6201687 7219785
1956704 2011935
9027440 696899
5200484 1432674
862131 2579956
5160901 3931781
6236559 1602096
8857406 6619529
601440 8268848
3078737 1101979
3904674 9038882
4745877 5722100
3408295 9758386
4444358 7984236
1860434 5940348
1845859 1812737
6175967 5358255
3999880 1289869
1262428 5408269
7268605 4724095
3541905 8357260
9850193 678509
5034554 8545497
3881147 5944522
1530659 7762008
8449193 3519299
6311981 8525395
2058014 8044800
9556451 7580242
7129654 4926205
4415572 7370291
8768767 525276
6566803 6929250
3225655 8617345
8015080 6458396
7117964 2630339
6203977 8654868
9101027 3124761
8817940 1580873
9422456 3703718
7633839 6819673
3370356 1218405
2194580 9191685
2899557 5258360
8305599 5859523
5300399 964833
8915316 5706149
4636424 9188598
223690 8261091
2811861 2928862
3832172 5994075
4782613 6927688
8228146 9845335
4704201 1453400
8792012 1260331
8017457 967979
5327313 9192364
7709835 6017103
4915067 6839156
3297446 6550408
4266134 9594035
56761 1874057
9944570 2739634
9417620 9294178
9845377 4703074
6562634 9265520
8778189 9841175
1486831 1683413
3336994 128366
3373861 5220991
6451919 2294344
532230 5147815
7946373 5471113
3321168 9110939
8716476 1465088
6058485 4505588
266117 9247311
9179892 3163388
6912184 1727098
6099836 6411196
6909523 206383
4410034 7088588
2072066 7595953
3974264 903311
3423477 7521117
8537525 9461725
1373992 4870205
6596595 5971658
6595022 5465895
1309217 5087989
4053772 2613993
8717810 3442141
7380775 7371727
3930844 1139523
8389899 2134192
8298420 2343904
3987578 7899273
4023185 1845429
2059557 6875171
1531583 6029377
404876 8046612
1854311 8511670
7966248 3858239
1316873 5559822
2685069 7442088
4937941 5995823
5056910 1975442
9077081 4735454
2550213 6320027
3489813 757576
6768170 3414637
472376 3597399
1009198 3895102
6899019 6536611
6255019 5665989
4220312 6134187
639959 1552578
6676218 746662
9822287 1711081
838002 4749673
5679425 8921854
6302608 1374551
375168 1470092
491154 7737915
6968378 1024106
1411452 3026653
8915758 7238058
3086277 9478716
1874168 9027636
7713633 1344371
5470570 7585521
2391296 8702825
8720505 6287313
2012102 885050
9549272 2171022
1849211 4435923
1294407 4261498
4230065 2303632
1502598 4428615
3540741 8686417
4591391 5314725
5439591 3264462
1562466 4875341
6295297 2467700
2020228 804080
7669185 3966972
5611990 7743013
135461 6122676
9165787 3944023
7906738 4112773
5236971 2186793
261385 4621646
1555590 8740068
2098886 3094387
6358701 276675
1093954 1425691
4857636 2013924
6138951 6037401
3859436 7179294
1927405 1219345
9265217 2465018
4058884 5387982
7790639 8038211
6210188 5322843
4944212 1848917
7312740 6634051
10130 5479999
5636890 6608844
634727 4768208
8615410 5504927
9238973 4694192
9654477 1422545
42308 6951327
3773189 7219076
1105652 1495815
9546418 3236825
4456700 3612621
2283723 2106061
493587 3837273
8654861 4892179
666945 6590827
1786815 4166393
2393902 4650452
3495400 5418360
2810102 3598093
4189005 1214584
6747901 9076297
7244103 3322391
3789856 4638446
7509855 294899
6731647 9163222
2648223 7635952
1405140 9106211
1069860 4380926
8522581 6466104
7621285 525318
5991346 3003076
1114047 3852957
5513818 9394600
8841157 1394307
8333034 9353725
8682507 8309183
2844378 6399675
7429470 7409406
6721303 8885501
8848599 1780080
4160621 1173385
1735251 9242545
9201466 2213706
6758265 3593240
7476907 3033395
8265702 75658
4060494 5435530
6530997 5987702
8454300 7739563
4379671 4164312
8426152 6880654
2075592 3689350
6958003 4507310
5689664 1444961
1090794 6172867
3719468 4443329
3735405 2188862
1620420 3594296
8439858 9647715
9254409 4741040
600210 820780
4576818 9909483
163825 933199
5456039 6734977
3196248 4197264
470729 3493787
7007919 6667069
1546389 8349348
9838953 3870
3352815 6176673
9780892 7880137
9193237 3604337
4571252 9410133
4548461 632261
3768915 5036194
6500323 9807581
9160805 9429901
4432651 6882271
2608941 1216520
8203842 9511672
4511951 4188816
5471355 5199032
8346000 1165434
2706864 5755578
601720 2276179
8849205 4429081
9415882 6763223
2723308 2608909
5553645 3798124
4422138 4687828
8668569 8623431
8057601 2717183
3408100 9295427
7743935 2295640
1266067 5216605
3478322 3191502
834225 5469227
885657 2238388
4822182 8514092
2237634 5788358
4380751 4529301
9030748 477053
7146300 1792485
6689156 1801908
6913761 6031778
4826675 671734
346589 7633669
3131026 591450
2543745 1886174
1612948 7729313
4166870 7118526
4847560 4209600
5499169 4362273
6403527 5596878
5976306 7347585
8433196 1108591
2885426 3731411
1894858 8850281
327497 7732475
9620617 3521610
7436376 3022254
1408428 2053547
539143 2786769
6661702 6142519
7273502 4057854
3167328 3451291
9223508 2997582
8927030 5681101
1418852 1800778
3642901 8605339
9804272 7938295
9534464 2295217
3907754 544414
3134166 7127250
2262425 1411152
9661487 2844827
1166297 3153585
8836221 3807341
855714 3016940
776169 1339525
7628187 4830102
6807582 1773601
1650081 3328483
468810 1363565
4275537 5964862
4529283 995097
9762743 2252695
7678212 760241
3255311 8363942
4501608 3257511
8558297 3545753
6931102 7093284
9756920 7064247
2258102 9088690
6802887 6709764
244103 3884140
2566473 3014876
7590254 8026567
3730550 6451931
9172794 5843356
1233217 4412516
422733 5542814
4160463 6638697
2288858 6333570
6996172 1373627
2968947 2945500
9037485 4668398
4500950 6221120
9935314 7784600
3350759 7619369
7197838 774873
2452656 515945
3839579 1256718
6869400 3111194
4270710 6251691
5226172 3037459
352779 8604737
9160327 6909514
4752037 5279348
2705192 6933964
5358402 4734472
6213637 1530130
9513853 7234859
3892563 6254212
3086899 9352331
8967844 2761063
1633442 1289509
3639928 9523899
7245039 4382809
2786344 1449148
2709819 2794827
7855962 8599285
3087356 2123925
8928173 4133335
6272257 1921330
3836628 1548272
6837864 3331663
7624137 3538660
2270839 2232824
9608385 8128026
4776606 2395549
4677845 8069443
3060535 5365834
6797211 1020006
1280242 7123789
4826546 4928592
8071018 1859922
2911126 1023250
6054516 9997280
7070783 9272635
9214642 8713457
6332792 6639077
4126867 1358334
765372 6763610
1684022 7240216
3027148 6846752
7118268 2912495
9564347 7107153
7882714 6667693
4890858 2311171
1598082 6242121
3821482 2613871
7636961 5869274
2722923 5094579
3244674 2010881
5113454 2022838
4009109 1439438
201835 6196443
1905915 9776518
4535732 2951541
8567140 3603781
1222837 7995314
6996213 7935455
5316984 2570201
3205063 6395070
2146103 5466197
987627 9658287
9262292 5467283
3329960 7980889
8114261 4224831
1271675 9357130
9904304 4975690
7844106 8024705
6334337 1642311
9447119 572935
3349050 658540
1093921 920913
5134842 1686630
3563943 1091837
6338602 8698656
9648353 4139649
5926796 1204888
7653633 594213
2645912 3289903
872391 2495688
1022236 2230118
6279258 6679817
2384983 1149313
4063424 7914882
7449246 1982180
9658651 6740816
2277362 1038963
4384799 3896245
7834797 2412986
2198333 2672195
5576415 7175201
2484285 6787262
1528107 4907777
6960378 9089932
1055583 9861043
6299640 4829855
4213928 3226037
8078072 5964495
2703225 8162798
9548171 5463520
9843550 9014522
6112385 6666019
2550512 2583635
7793639 2407084
6770404 6517929
1979977 7086547
8883413 5677592
9493446 7900764
9057458 9719466
1488813 5654980
79467 5975052
7904382 1017425
6536365 9695679
6925468 8006348
2761640 9625290
122180 7742541
1814009 5143845
162802 2358138
4379181 5812690
341352 816800
1020825 6271600
4847504 2096251
8365646 7776890
9958121 2177653
3463615 9496866
625160 8279452
9136793 374629
5822439 9983816
1681735 975996
6184511 3404107
6812867 2049888
7319543 6563487
729247 1143126
8043425 8091862
8836699 4317063
5954463 5035827
7774986 2671114
8544909 3923417
7447500 372262
1624454 8970639
4849896 1024074
9442188 9572250
3769762 6814114
2692640 8271558
2642922 5816033
9327576 9736350
8147193 7869684
4974563 9301039
580500 5539908
9244188 2260283
3561320 8857831
7478559 5319695
8170889 380975
9077177 8296649
9563778 6306376
793388 846891
892208 4802636
228636 7552716
4655920 6253920
5433584 8190416
4457886 5310389
8244545 3623919
3355176 4587746
1294745 1801093
5774981 8693832
4320807 8723153
705762 588224
1410918 7267578
1333005 7619996
8372331 9185701
1905944 6890453
8982419 3584212
2775678 6058147
7680824 57683
8556985 5710246
5015747 8265158
6959884 8754584
41775 7825723
5917603 3622791
6272189 8875620
9920004 3547708
1240955 6025627
7454943 6743885
3546476 6864908
6691562 8233680
3363048 8493716
706770 4109040
5065304 2931564
8112692 9041347
8410042 5601407
1819372 5650632
8374203 6909640
661514 7694174
3622304 3385450
7890046 8977730
577901 2566182
3143706 5408283
4831476 5650723
3221114 7630358
4216098 1807151
1587132 2589639
6076731 7587973
4205324 6071397
9741259 6597165
3422373 958057
8041548 3854160
6602676 3114435
8838134 2224105
1311254 6681012
2161808 691452
9505257 4947824
739612 5392253
5962160 6639742
5265937 3987431
786315 4948540
7761808 351197
5275167 7695161
7740561 4823001
8919190 7737057
1133771 993988
7824301 5042752
7588206 1126150
6200679 3578122
5971888 2684607
6292606 150001
828450 4616732
2889380 9198815
3701452 984718
9776236 2568303
145826 8617924
376237 26314
2934973 7546100
758211 9022035
2624178 5056700
8353748 1791639
2318797 2924441
4835120 1863804
7040881 4703216
8526596 3360081
3588906 3988952
6506884 3402802
1343751 5811871
3556555 8128725
3934458 4413225
512104 8969865
3899781 9583345
4716774 3597849
2647586 3681586
4242768 8182392
670397 8351174
5788722 9891803
577197 6492260
2926906 5277098
5089064 8744075
2114955 6526932
3514456 7027017
9289118 1609109
3527003 6753957
6596426 8045530
9513197 1064109
9310682 6473752
2531063 486092
1585189 9935371
9286790 1552548
4087402 4234228
4470987 6284666
431240 6629337
1151817 9025104
1693763 921273
537405 716007
6314784 1957064
7859129 8983665
2944898 7532756
1149445 5638490
3026430 5161968
681702 9302608
5133776 6675289
4617739 8979999
4376650 755934
4386542 3532705
7846605 4738588
2172339 7617085
1204878 9624642
5584212 6221019
2032044 7267861
4766761 2549460
976079 1270952
2731997 436434
9810815 2533403
3949637 3049254
7414453 9927957
8129428 6527004
8868453 9538191
8636115 4932100
6368313 6305642
7370133 8437667
9533245 3749127
4782086 8654560
112549 4251473
3124856 5270483
9169319 8624647
609734 9803793
827500 1988633
2607514 8674322
9663068 8491468
8847336 7357545
8002920 3704489
5075832 1558626
411229 82566
1708399 9688049
6885086 6205101
3755180 1977512
2096115 8160498
806235 1986269
9987743 6010075
8047742 1776669
3966401 3168422
2045452 5997048
1164659 8341890
2280157 395611
6223659 6159189
7785030 2922122
5155200 2013302
7363549 5460278
2244256 4212442
6495200 5118950
4612638 1039705
7257299 872625
884973 6607315
2007427 1224144
8211958 103338
4027853 891785
2319939 7087758
1984159 8464527
3682309 1006615
539241 6769011
4387431 3251098
1941814 9849234
2186079 4536030
5035704 364992
3847130 6278268
2728010 3968357
5446391 5342501
1601317 1181942
5851813 9131740
669062 1111695
6181600 3090405
1483790 5964318
6938207 5844212
7020693 8751583
3920160 3021476
4210504 1720418
3912324 3998225
1701769 8412377
6533795 8143092
6788785 7622463
488347 1327735
6833536 372508
9831358 3165358
3324035 7507563
1902761 767512
9067167 1365132
5479271 9525685
8977300 7802910
4772851 886311
8081057 6295520
251873 1708710
6620522 8713886
661838 1386764
6414522 8373519
7358631 7195617
2753823 5659725
1520231 4151860
1695323 9328805
3354032 5147907
199180 3494855
4740763 2595452
6241818 8857577
7177637 4437784
813508 4169959
4137109 3945839
519789 4415474
9401549 9115192
9048752 3462446
1383021 9690639
1052270 6072864
1480734 1217592
4754 5152384
7420306 9005842
7970722 2258634
7230755 4626192
7143393 5789688
543273 6740063
2597629 2413928
1175044 7534321
3864605 1422698
7259115 9541784
3511614 4100120
3791234 5782734
1165686 5653325
5924538 1173080
1360917 7546771
1093130 1854101
1058344 2029481
9379868 1216973
6144382 1901628
9045125 6900101
4464397 5497464
1963421 9175409
1489589 4951657
4344763 286972
978896 3385063
3826576 8647843
6788775 6823091
1564294 128389
7010419 8787848
8435119 9186421
2394486 6395357
2488290 1578892
7141523 7566012
4387953 8148633
226711 1730650
5322308 124739
7143597 5362744
6537982 2887719
7548053 7384462
6308850 9791306
5517133 6148530
7498396 6199915
6321208 7200692
3708899 1762068
1980868 1699039
9540497 721993
2559353 2702682
9217942 6519770
9243643 9643792
9267434 5811919
4788140 5281526
233266 8834957
2556081 5018408
4886280 8446939
895295 4792534
770021 2225525
6536295 921122
8931778 8102144
1312931 943280
6150579 8300799
8491056 2592826
7658721 5628897
5280964 2061602
9326886 32294
1177433 8884523
6686265 6615974
7760165 4751246
448266 5882256
9227704 4186519
7628023 8027944
4725531 9581360
7209736 7083476
4185827 8409445
1970264 4309139
6531294 428274
1620217 1411247
9027216 2154476
2060889 4163119
9018928 8497253
5547230 1837893
2413572 3416647
8750059 1410715
661167 5404099
5764115 721714
3247439 2558743
2283455 2510175
8606282 516853
721023 2332912
1302240 7810357
8079461 9645603
3799057 826497
8976641 281154
9859607 3673706
6122398 5149526
4013128 2981446
3052722 1184333
6585401 1353173
9529785 5778524
5464614 2095501
9659679 6679182
2047789 4243882
7655080 7690142
4549224 2368541
2079322 7659239
6549103 3292699
4245121 3083049
2080889 4984788
4374802 1803447
7474718 2687125
3708273 9545447
1219617 6022331
6030698 2657652
5925752 3111061
2458662 1115943
2307893 5967388
7166221 6504989
5183914 2253633
8359186 9275104
3288776 3679083
7211177 7591632
5492703 5477918
38528 1589871
5649589 4062728
8092990 6919775
1305713 4013527
876333 1092564
652214 327178
4908510 3506042
2407656 4492983
6932141 9130448
1470021 9407644
9261737 8649273
2687796 4829532
323153 5001169
2077971 8464505
8583120 9570256
2522401 1025560
9145279 1684011
1866423 124189
3808360 6053476
9995495 8371944
6870925 5453968
3459101 4078752
9544830 8419969
724382 3610690
7695752 3391569
7041881 2978628
695831 1833909
2836673 8888935
3692025 2345066
451624 2052777
6162403 2787374
4328225 2544495
3086492 4983785
5150092 2130579
1034252 9050661
3107352 5323330
7226595 5321363
4901330 6322237
1693087 5365655
7098685 6602259
5649290 6007272
2212162 8179433
1910915 2314605
4014393 243809
9510438 3783450
2248136 26017
4894483 5310662
3430978 8253753
645956 8970271
5263226 6802698
8965334 1105543
7968098 3357035
8739962 1261802
446987 4149064
6879575 2404684
462262 5050882
920286 1325736
5208528 4345943
669213 3634117
8644761 6134931
4063073 9328837
2884946 6988142
369658 5315536
2457125 8834036
4530652 4330851
9172605 6474369
310215 3103368
6076338 9752684
3906774 986080
4998565 1276459
7635071 3744882
5507745 1352347
9832742 550350
5934238 5032130
8575629 8181194
7688465 6136974
9041520 8984372
3050619 3265907
3066094 1393281
4957337 4238016
9284590 3051256
916845 5903489
9410497 4714574
3553259 4647261
3219487 3725837
6763394 8566188
974284 6799819
7730673 421678
3775361 2532121
2467964 6031926
9062384 8651424
1897120 4789043
2170605 7226866
679742 4897407
5693805 6944844
7704227 6832879
4397875 734283
1747840 3305138
2823009 9952297
6079607 7500598
447245 8322286
9176374 3296812
5294072 4681578
6112630 2594543
207883 7719589
3193980 4239618
3134296 6644777
2162027 4034253
1112038 266931
6444309 2336593
2837917 3528285
4181626 4893648
4380964 4297935
2395777 6880972
8212184 9462992
7848534 260075
3357764 8541114
8505689 681951
8238117 9435936
6366521 3075261
2100184 5666707
9022355 1484475
5706014 3789927
2016301 8648803
6317 432340
6535669 2946782
3721296 9477785
1983159 2513154
3990208 2443116
8343926 5456007
7462440 2019923
7578969 6168443
1232960 2061229
7029993 5799796
9854326 3523488
8030914 4097269
6650044 7198657
2315704 8269182
4964959 8145029
8957359 3838016
6637864 4758984
119484 9286303
4510368 6908735
4767189 5444390
727518 8838566
4472540 546326
9281298 1169450
3841332 7381672
1197109 2320031
9012677 7416273
7744763 5215926
1229132 4584247
7898548 9333078
6311341 7045952
1329453 6178856
6717704 8204813
6350321 232891
1859618 9376233
167240 2964067
8902277 4212884
3465952 6791438
3213446 3023003
1038659 8361946
2872678 525808
9897011 7186501
776875 2555296
2745719 1757094
5514780 8421007
208846 8249115
7883850 1511608
8099610 3312570
1070545 1625330
2186303 8381074
3662703 8526951
3495940 5210450
157419 2176803
6576481 3174663
9114652 710436
1525598 398365
2231316 9756404
1733527 569947
9674000 5970506
9704584 9111005
3517145 6482460
7207579 6886354
4752256 6095581
7182225 2515602
9700657 6002927
973390 1355283
4074197 9023103
3640900 5126159
8913702 1817385
5698661 2083530
8851496 3408754
6347802 1481034
6541325 3846723
1159299 8120339
321595 2545343
9315837 9200890
7651964 704604
8989784 4726322
99343 6437206
7790917 8112369
1416609 8688332
2976098 9747852
8911047 6493539
4767960 5162934
3963079 3985220
7809624 5067537
8319988 5169524
8492541 6825998
1391602 8548143
5273616 4188907
8271477 692582
7651842 256978
8547893 7692509
1938759 9818935
5716498 4740748
8397472 8169637
443729 3868828
4608399 420369
4045267 4752945
8577076 1817404
5396753 3636077
3328713 5318162
2040584 8101004
4848790 8100887
279822 698082
158307 5036890
2150089 9476817
6534547 3088179
8681343 7382064
1548546 1886146
3518377 2910323
7839077 7545169
1316232 5220308
1325389 2973613
3628709 9018858
9144020 6426828
9142693 7510780
4431819 3336733
2141333 2315784
5137329 9172792
1013330 8119033
2559018 8583372
2074144 1239994
7521108 3587459
1462330 4366829
7974107 3921734
3594646 615123
6069124 7481441
6742303 4447908
7155788 734212
3587063 3378157
3810860 481322
3527746 9784985
9409647 8958568
5766806 3092590
526274 8728230
7321418 8758404
9704627 7300298
7563857 8411854
4093086 3255274
6119632 9855916
4099664 9291767
1893906 7723999
3462169 3501062
3690261 8540360
2688896 6803682
5903434 4701944
7618744 7466
9707685 3423692
9306090 1731321
3013637 4081835
3531577 9352596
5237077 4700599
9749869 2313391
8626257 7953589
2864463 4192786
7364354 5120068
2955696 9649706
1505012 5806625
9431944 9990939
3597479 3853624
1413317 4920060
9469433 7075233
9254680 1474941
3621822 8564404
3906600 246992
4013043 5656482
4935730 8511634
949188 8583842
5291956 5057084
3150972 5663283
4343716 1173825
1603107 8883854
5300158 573866
675682 829131
2884961 8914068
7461009 1325163
3235263 7008237
9171441 7483181
9484725 5615038
8637956 2073366
3648661 4790007
7080738 8799358
8508993 9774068
3440250 1280244
27163 3181315
3805517 405520
5439122 5450055
6105012 5832022
1514796 2763643
2349244 7943846
7264200 9804974
9018418 509115
839487 6033893
8947177 7139152
2309313 2146914
4762051 5678210
3942018 3256660
2100026 7350210
2252574 5475347
4630552 3394638
9677860 7255698
8545500 6010059
1685167 2425694
6701660 5421780
3331773 955106
3352207 4856266
1248845 1969132
2244546 2407710
4014299 607769
1099999 5509818
5290810 8338915
9963449 2680028
6666181 4865042
237103 8649612
3742641 8271046
5750461 6214336
7302634 9710225
6648923 9111349
2790936 7836344
3888541 9897360
6791037 5044182
9168875 3218714
7108501 940494
6411862 4622477
6887420 6701816
2131575 5916859
4275918 8681000
550931 8231980
8210708 3562230
9930431 4075846
2234890 5015354
67078 2114270
4191169 129098
6208559 9276186
4401506 2413456
1839407 6095282
4872940 4292643
5105591 8254364
2700218 1318392
8247142 5967740
6099443 7812842
9716218 5347686
450451 7839954
618356 3118125
1632513 8024683
4771409 3021352
8225342 7466901
5995490 5896792
4661533 1592783
8999499 9278810
1231196 5269135
4783204 8687393
3359998 5111421
686748 5023278
5923641 7558763
9957177 182026
6828623 386732
7335032 4632500
6756420 2602207
3145722 3176020
9361862 5411509
2834219 3126764
683987 3106425
7584170 8046225
5495958 2506011
5677345 2716073
466329 2963928
9868993 2252134
8311535 5729313
5517693 9329525
2126379 4861106
5797548 3658476
5825295 2782657
6962316 7133729
1422976 741618
531645 1088273
9603713 527008
6671254 7115077
9821779 8819382
2053178 9211439
8271220 5374375
8128585 5544998
3950199 3876855
5328128 1160425
479247 6120002
9910959 3685569
4411814 953942
8265271 7793111
9655237 4986577
271279 1371725
1362461 4110743
51446 1853552
1793568 5529797
5009461 321266
1672928 1252526
3481561 1540936
4994492 9211558
9571516 6040302
4215061 3861744
6775921 4291634
5762847 9085741
3493841 7803618
3633692 9913058
4684321 5486425
39984 9906464
2084248 2696932
1719738 7048191
6724669 36321
9864338 8554199
1977488 1913120
3391624 1481011
5361396 4043029
8857272 933164
5805282 7722185
7141043 7355344
5092980 3470701
6784853 883108
5490036 4504071
8441379 1888154
3839846 9905490
5210108 8235455
3903036 1557909
5156883 2473164
7821001 1199748
2524975 6698275
3480833 8784187
980914 5430113
2123258 471525
1328201 4830293
2948094 2417327
3784133 7739486
156156 7727377
5970118 3790269
3405112 5044202
6653933 9945130
4892127 2930320
8178468 1957241
7333411 882258
8089620 5806085
4807355 7628244
1351143 4435244
1581022 2299015
6813613 5063422
4440076 5938514
6786124 6614214
5263113 5734200
9862503 300527
5140133 2644411
5501779 2910116
525112 6068033
8313021 7625015
3365824 8619133
8091918 2411871
8199036 3101001
4096189 6242315
3699002 2743090
1970654 6181518
6650179 2942847
4067423 6714048
117253 3574742
4153491 5405458
2884106 5583915
1950909 3253681
4247408 5007591
5452282 5066688
1503641 6574853
5051879 8383272
878056 471179
3880457 4930508
1869931 9159751
9812810 8243052
187755 6037590
9545296 2788381
3043909 8075245
4872135 9868594
4317702 340750
7138424 6118286
2651330 5279550
2611315 6504322
9328797 2210629
7132129 6400133
7786150 3528110
9920079 621785
7260456 1916308
4396510 1199924
1331481 7463611
5382623 4556807
4471273 3178272
1070921 7719046
1134091 5832691
9560101 1766425
1599955 9752770
5928166 8468529
8721192 631063
8260041 3082986
2158567 1334845
2302931 6880655
4120972 9329071
9947037 2755363
8375995 947633
5199567 7228835
6214450 6558491
3229964 9663497
4432805 111519
8974521 1206032
2458527 1406930
5512289 1907472
7450259 2548422
1543552 2085727
6638961 934939
8612719 2294547
9659447 3466482
9176855 7239955
620638 2915465
7806525 2143817
2351730 4605337
6821585 6593422
3581157 2651193
4858354 7271641
3320695 4143585
323232 2906815
5498730 3228773
4322215 1167967
4798463 4024114
3927216 5867732
8740849 9567186
5197498 1733891
5871220 9079385
9134695 4294499
4120145 7175249
3653119 1997107
1642596 3100046
6105976 7433548
5691731 440238
8044439 9697051
3103514 469364
7985979 520091
5929430 105478
3503623 3938322
996258 2591549
9561177 4203653
3294035 8118727
3927108 5270594
110587 9703803
2012622 5862350
3118849 6204697
9507131 4668470
9133526 527198
2873053 8012953
3466592 8235826
9703868 761727
784062 8420069
675372 4340921
923979 2524464
1456789 1554738
2323213 9620032
9302727 888357
6944720 7426795
2939471 1515194
1062147 7922097
4376096 5246357
9079761 8828226
7013953 2518269
6695880 9544506
5776018 5962
2099186 4001237
591954 9161690
1596405 7869188
2712820 2418569
4140957 6644958
6818997 7521474
1700959 5564403
7016834 5179776
1679335 1034891
7828493 7853813
1721061 2637214
7344873 9463250
2897385 5347451
9610509 8239608
4095961 552178
5786084 2038554
5121536 8185303
1630975 2391863
6280532 1302044
8077256 4676145
7090082 9557593
7623652 7921114
7773589 5401450
9071466 9657451
1133605 6147965
2412460 1383126
3733077 4136545
4520829 747632
4046163 8191586
4159872 9013036
1926510 5161542
6721716 552433
3316192 666679
4617813 7990170
2731146 2650751
6755858 7826323
373365 4905749
96864 7209295
668238 1288365
8745515 4401412
1903001 5602837
4761122 6016910
3858810 9480841
6989412 6747276
8257272 3803441
9660688 2328128
3883866 8314881
1052833 7894296
2936379 7845862
7502835 3752304
4460953 245387
3908988 6498666
9518640 1649313
1684267 8698636
8670427 4750367
82465 1076762
5598228 2509781
4722413 9825312
6832273 9184103
3751366 8962545
7357771 2270105
4341283 8944992
8905214 5049597
8249206 586622
7257004 3363800
6445904 6743784
5068313 9643281
5225193 8569567
3813980 5519235
5523139 2879405
391256 5244405
7176520 8645886
2907777 62263
9762496 7885464
7676753 7787795
2783471 5282083
6722170 1926910
8592867 1160988
9056105 4387012
7796377 1814939
6637388 1249317
7816158 9606974
4784291 1885237
2678692 2946104
2496312 4565513
4805202 8571791
2458980 8011599
3715060 5330966
8482522 6778733
6774282 9228778
721691 9477985
2910547 6413614
1179737 844904
1757426 9937145
6211016 1487803
4359433 1534675
3134946 5454997
1319260 9747535
5314239 5598559
1541111 790376
3477552 9534672
3845566 9328809
2022436 2951389
5203037 9369373
830256 7791065
3189945 1097931
8309298 4921585
9160543 9471023
2647937 8986974
3897986 2876914
6226827 6936466
7405618 7606615
9392139 7875359
5163134 8784014
7380736 7696602
1230249 6331960
7048362 5900756
1275241 4188303
9869731 7031551
2591820 1716904
9122389 5789104
2633348 4230578
2743871 6065982
1845481 9762825
1870154 6514505
1441905 5662292
5303009 9733864
2726391 618482
1380526 9888957
5831136 9122359
5181570 9241395
2431558 1032014
2548460 2015001
6831338 2000830
9635390 9571157
914043 1495202
8814617 5313549
8115447 629628
723829 3981821
5371058 5067909
9167215 5493034
9843310 8936801
2029738 2363371
2895742 7489573
6529140 5784725
5597846 1450559
1775379 529739
9743586 3791525
2957054 5520370
6444360 498129
836173 8045706
2150040 575503
4424599 1327950
4835982 7295111
8935053 4077838
1375203 1381029
2091348 3317870
1526873 9195795
4958740 4181457
3301302 3579647
3102745 4599568
8003768 3020793
9905213 2871263
5435161 9559409
4520981 2328033
5368929 9606060
7086490 3614179
7256689 6549979
4272840 4402689
6766882 1440018
