4109
6935 24917
6395 9823
9953 6716
21684 20008
29673 26171
22192 6271
7482 25983
10877 24207
25576 12065
15327 2521
17661 24393
15463 13176
11190 20633
1863 18601
5104 1225
30565 22666
12509 142
25518 28450
27643 7873
13741 8610
20551 7869
20060 12266
13742 29193
11578 24399
16580 3383
3485 29340
2744 16395
28234 25430
1416 22752
14147 16453
28785 5960
29152 21807
28842 12787
18209 32743
8785 29650
14403 22151
13734 13435
17809 761
27767 12240
30589 30652
3035 219
32239 25060
5667 17405
23005 31843
24846 9288
17692 10376
23612 22569
19574 28613
7141 20810
20476 21173
31691 9142
23965 2397
28269 26687
6648 6323
19582 7709
11119 24924
14485 20439
23421 3002
27430 32615
25161 29990
31409 7577
4219 634
29753 4276
19278 31699
22520 3676
3814 21909
20049 19639
27365 2735
10502 20175
11577 27680
1195 20535
12087 2490
7771 5106
30958 6181
12713 6800
11957 30760
29401 922
32007 17188
31057 7728
30353 225
11850 27889
6280 27277
5067 8475
26944 24322
30680 20723
25851 27720
26599 28008
11519 4699
30867 15091
11499 9006
13716 20929
10826 25583
19951 26900
29289 21389
20586 29159
6758 14968
3139 17617
1418 26536
27169 26411
9688 16096
20811 11125
10982 31796
27928 12534
4844 20681
26279 1699
21019 15580
26319 30018
1072 19205
29785 13519
23624 4285
621 4383
18166 6175
17227 16835
29331 5867
4924 31023
12757 5840
4039 28444
27811 29419
12071 27178
4904 20107
27645 3274
18215 26935
22851 26971
12174 29682
12929 8595
10829 19389
15427 5409
20584 15710
2250 25488
75 13920
29954 17775
25183 1883
29108 175
7130 7029
27901 31820
9179 18729
28671 14128
28342 8263
17622 9812
25484 22844
14541 15912
20512 18836
20178 11061
20197 445
30248 32256
21340 30734
6492 20018
20636 25863
6522 6391
11826 13531
2432 24228
32556 12843
15891 17308
12145 19989
1393 14452
6996 10605
7079 27989
17768 17226
12036 5282
7829 28869
2253 14555
5227 509
11826 10690
22967 14431
3457 17596
7508 29220
2970 7289
9028 12058
1443 17367
29695 21160
6909 16388
5643 18188
21366 26083
1485 26088
30144 9906
24479 18941
8738 4073
28707 28214
1389 613
7894 15848
14386 25797
26344 31320
7730 21781
21067 6526
23062 7594
11018 520
10592 29004
22236 18594
15522 12955
4345 21109
24557 19115
30252 237
1933 21234
5929 19136
5363 5732
1314 26156
26611 11740
3221 26752
4144 15294
4712 32477
13012 2778
18231 9278
30852 5268
9453 30902
6035 12866
27281 7673
20085 32214
2659 15646
25207 9661
15912 6563
30382 14343
13762 21938
20269 10439
5123 19362
21627 6077
11715 8385
27461 6450
16176 30033
29775 1572
2918 21968
2224 6051
6720 20861
17983 20859
2157 23063
16457 19
7622 20712
26757 19861
7646 25858
1097 12879
1755 9929
509 17498
12933 29873
17105 10873
3485 9545
11435 13891
22896 4729
6243 27013
11180 27143
28723 27362
8305 26464
4713 11708
29355 23190
19551 20824
28320 8357
429 31548
29381 28922
21405 12508
29398 9270
23776 29814
12581 22575
21887 10555
8755 5431
13076 687
11901 22690
6457 850
18072 10370
11841 20096
32128 5301
10278 20886
7470 18722
9667 2134
26984 5439
10307 24717
1245 3287
16602 242
11377 9738
18099 30546
15574 30869
10537 4586
13916 595
12857 26645
13066 5380
19767 22055
749 20814
9665 28824
25264 21249
13042 12901
109 29343
727 27315
17091 16412
23079 11701
1577 6882
31790 19665
17537 2840
12043 6654
23281 16420
20507 31345
25070 22638
3253 3192
19353 22119
4888 25766
15439 26315
20385 9776
20859 23587
2626 31383
19119 909
30767 11399
18676 14015
5594 27136
6238 20298
23842 29107
14307 24348
11207 12207
4972 21065
28194 3388
9261 24075
25107 30727
27442 24839
1594 25728
31291 6353
2410 20353
32458 20659
20058 816
890 28074
22430 8998
23442 31666
12246 17361
27866 8259
8742 4374
19374 5660
22246 18491
23888 5695
10394 2309
29827 21053
17700 16925
7253 25523
28472 15544
1340 21781
29713 2935
18532 10154
10594 24716
30024 31448
1936 3871
7552 14498
13342 15344
21209 27503
4201 317
19371 8461
8341 2534
8551 32501
24263 26575
23920 27601
20116 10630
18476 29243
25786 29478
11866 16584
5902 7803
4262 27461
10422 9830
29050 20800
1688 24963
13592 19915
18450 20490
18406 5244
10220 243
32520 24504
2443 21086
26420 21553
24167 4401
30146 15790
32703 15363
20483 2315
20619 27961
7380 8064
15282 12398
5235 1830
25213 18201
17041 27830
3915 8297
11944 31380
16519 2164
24206 8461
24536 21137
26443 13277
31127 770
40 245
2182 15319
19464 17531
10687 28942
19707 7697
19690 10239
13841 27482
13491 17912
3948 11194
23420 12836
24729 20830
4174 20145
21793 9085
24598 3377
3930 5597
7950 8769
7555 14744
9849 7273
17680 11040
6803 25156
6211 8577
19656 23521
2556 742
3620 19304
29650 8799
1547 6401
16994 2785
24874 5617
15335 31631
27821 31494
5388 31031
29106 9782
18430 6432
25854 23427
25028 26883
16111 3362
14803 6231
4018 28379
18397 18129
9142 22707
3051 7212
19553 15561
15531 3366
8449 13438
12299 29131
19461 26840
12806 20725
14445 23081
15806 1300
13183 19179
19660 7723
22204 20975
12500 9499
19986 22455
11100 9252
20051 800
14302 6313
20454 22851
15387 12851
25021 5278
4787 697
10374 30575
9203 1055
24102 7521
238 5884
25955 4202
13519 24224
17888 9460
16493 7766
9295 24891
29728 31718
2786 29686
7124 19294
5634 32313
12635 18450
22852 13466
2312 24290
4249 7059
11385 28091
29125 25383
22452 7265
12818 9672
19574 12907
5189 3705
28615 3727
4817 10800
26066 8991
31307 26750
8180 7124
2078 3953
4371 4299
24960 9914
31793 27341
30372 7691
4416 23763
9777 12995
19512 5833
13556 22733
19048 5523
28113 10949
2569 13390
32256 9565
18457 25304
24950 12800
28775 9618
29600 17589
21482 16996
30807 4421
6486 16130
12561 7072
7153 5230
21076 10109
11427 15295
28017 19265
26957 30752
8814 10786
7772 539
11844 6540
26270 30744
10571 13763
32084 14368
2546 10699
30344 1767
16307 11909
20897 10250
31302 1306
6708 19349
28949 28828
2845 29896
16113 29419
26575 15899
9731 20694
32744 7807
20485 8579
4361 5095
24242 27921
31460 22279
24698 7803
31126 31835
32123 19648
23096 9836
28845 8001
23984 11599
8540 20842
15821 24430
28892 6548
2196 16267
4216 30506
17876 25601
29611 11275
6913 23373
12947 25904
24894 14798
28834 22159
25020 13513
7063 20031
11331 28336
5804 732
15374 22692
9745 8493
24284 19768
11930 23812
4676 18552
7605 2406
19273 24874
3486 31724
23598 26451
31190 16233
27788 19453
6097 22989
14241 13880
10222 10570
1259 26975
21165 7349
3829 24732
26141 19246
19570 17326
1939 12035
20360 6378
11681 2002
12142 22656
30278 10222
12345 17664
11619 12548
7411 11549
5998 1023
2030 31408
21610 26664
25943 13056
28439 11666
13326 19520
27750 20149
10421 31833
28463 21849
3848 25834
17446 1718
21868 16525
27148 6873
30410 30045
27170 841
13981 12469
5347 1259
25418 28730
30450 10531
4785 7195
6738 19004
3329 5783
26581 16138
22992 25792
15575 27085
9067 21631
2347 11865
25706 17369
2390 4980
5000 28016
28923 4992
16818 24141
6551 24666
24158 30940
2415 7809
5662 10552
26310 23419
32629 11945
11090 17268
2537 7788
11249 23081
25433 946
18585 15108
18321 16618
22669 9352
28188 5699
9943 21232
2649 29037
4850 28179
4562 27296
10695 3723
15560 4832
19163 7702
29971 30591
11718 5948
10025 32483
23527 26675
10620 650
29270 31999
11785 19018
16410 13533
29229 19678
5276 18146
8379 22942
21084 23008
6733 3982
6627 21385
6103 17818
8441 8919
23426 18464
2583 2475
25527 4015
20511 10676
21625 21775
6731 22674
2809 9857
3171 32571
3940 25159
26420 2206
22784 14951
3389 9095
6263 9645
16299 23491
31859 25071
10120 20100
9322 27540
32559 32263
13756 3671
28675 2163
18171 29513
30816 17925
5513 20501
28114 4714
14697 7048
28549 17772
19279 27473
23805 7889
12537 24325
9479 10624
962 15462
240 23014
17781 8420
28660 27544
22367 27748
1785 16954
26536 18753
26750 20895
18659 30096
30926 20785
26595 12713
8825 16020
21456 30691
16132 29574
3195 24990
30688 21258
2799 23943
13209 20933
14409 6935
25424 23976
18121 20317
17515 26831
8488 14078
27275 7081
25644 31098
9662 29274
5755 20912
6391 18781
4781 8101
5307 7534
22436 18305
2588 679
13088 474
10731 5865
31374 309
1066 29565
17953 4298
15296 25083
25124 4232
8816 22635
27279 29273
20748 171
17624 7335
4070 20241
27659 22047
9096 27728
17181 7861
20901 30368
24958 6632
12879 24089
3565 28231
8553 24672
23440 15924
25696 26502
7492 7656
22550 20525
9010 10935
15135 23277
30371 10133
26672 19702
2069 17114
5332 1014
909 26946
26721 317
16176 19000
32555 12319
30733 29012
11767 27545
20798 6434
6579 1848
18735 6949
30564 24375
6461 8475
2143 13287
13187 31619
9916 21588
21232 16733
30216 23590
20893 7473
3130 2245
14686 27474
9960 27073
17048 3428
16571 28784
13650 5916
6945 8921
24718 14407
4161 30160
7129 2062
16692 4707
1825 5496
29810 2677
31943 24880
14474 16553
27125 9353
7959 1922
306 2495
9199 15304
31539 14720
5277 24109
23028 25002
3090 28720
25096 6487
22167 6210
15918 17943
20998 20775
292 26236
7738 10400
31168 26076
12740 20807
3388 23890
9951 3002
3026 26118
21671 11003
13192 24750
2181 14359
21838 22101
29678 30982
20550 22107
8781 24275
22371 30142
2877 7933
13621 21399
5372 31772
515 18152
6940 455
27 6548
19836 14262
4710 29871
31607 4132
319 25080
8027 5495
389 1700
15901 6947
12783 31582
28491 30156
672 25995
8513 32427
15100 13778
28064 26162
4537 12252
4604 6643
2873 8024
24789 16830
4631 24131
16073 6153
32256 4198
7 8597
31940 14368
14855 2127
4524 2149
23929 7541
7951 6151
11387 18169
11808 23092
24846 23594
26890 65
6091 13713
31551 10405
21202 29721
19468 32585
10500 17268
18290 13055
30066 7097
10545 25679
6932 18002
32293 29050
12479 10773
20437 17337
10577 8881
11850 454
19503 26444
3101 19357
4593 17514
8404 25476
14683 11537
17775 26697
10383 26411
32573 1227
28290 22315
11508 14523
30893 12019
2561 7844
20741 1013
31773 21289
30764 4249
24353 24975
12265 9439
17179 22907
18902 2630
20641 29180
20056 24300
18277 24011
4052 11254
19210 13522
32288 15154
29238 5868
20024 28667
19433 27628
18995 10078
20237 25824
23925 25467
26702 8855
12581 17965
6699 9568
27874 7917
25421 27157
28593 4083
24344 22616
5434 3743
21633 26141
23349 17176
10015 5225
31519 2867
24196 10584
19505 9366
14285 19301
402 16925
30072 25062
6348 4220
24950 24278
3197 28198
13697 21975
8015 23150
23984 1143
21289 24556
18761 12211
24743 32291
15830 31418
17096 22112
24699 6899
10983 8165
27014 3392
28909 10055
13896 12421
21444 23829
11556 26980
7695 14266
10213 13131
792 27813
22612 17073
18441 17575
23307 7324
3424 3996
27780 18279
19613 31565
29813 30914
24125 20885
23392 25850
7148 25027
24165 4987
29431 6464
21852 23699
31488 3954
7968 29816
25845 2271
10285 10125
22083 13718
16238 11233
1094 11979
11600 11256
9220 30657
16667 28367
540 1517
18562 16666
22265 5208
9593 976
11083 17989
30278 1001
24760 23828
987 32615
13006 1382
27235 31635
17469 32642
12315 20617
3139 9975
15971 3574
14439 7555
28949 7457
22122 7476
12309 17448
23163 13773
18217 28300
21930 31083
28683 24304
28831 23656
17085 11806
32396 19584
29 15179
15456 17202
27321 29084
4158 22377
8676 1769
23853 4700
13066 6080
16145 2995
21824 17581
17114 4331
799 13496
28411 23547
26323 8496
12317 7480
19567 20135
32277 23670
3715 5950
19732 30064
12529 27171
7966 13162
7676 25687
18878 20500
14754 26293
17399 22962
16172 19760
4221 17530
7427 11100
6182 11069
17093 12848
2203 842
5528 8970
2899 18320
32447 29683
26818 24322
18539 2340
27597 16960
15571 10186
6530 9331
15238 1543
4358 9080
14592 7225
10190 17218
23676 7038
5650 14457
12298 11640
18303 18023
5857 24909
9261 13333
32246 27122
26064 7345
31438 4522
19762 7987
19600 1737
19425 12609
29534 26046
30244 6479
20965 9296
20788 21514
3379 16936
20905 26871
7881 25232
7731 29271
19698 13178
27274 23631
32083 17860
32424 8005
5570 15034
15925 31117
24412 27357
17475 27717
8145 27107
26427 32637
23811 3070
14615 4508
32464 20577
22482 13822
17195 21761
8733 26338
14450 14232
9300 3716
12795 2032
20912 11142
27377 12126
23998 5268
19294 29068
18960 8008
904 27260
31794 11851
29057 11722
28639 27326
1274 27442
22901 11480
5464 15441
19623 22480
24074 32688
15218 11517
5401 25854
24914 23100
20480 3741
28341 18322
10943 27745
2224 26642
25899 13204
28913 4609
27272 6205
27125 8761
30553 11169
11131 28363
20855 1035
31544 19688
18017 4553
15820 11778
25555 17783
5109 6190
7834 27520
22530 32205
23462 24801
3979 14443
3937 1328
9568 10983
26431 3549
32703 20180
12694 7865
18122 12576
30641 19380
28471 8691
32288 26603
23882 7130
8017 17890
13312 9765
13413 19725
9358 13966
60 2198
21001 22043
20690 4954
7527 3397
19151 1333
28070 23385
4953 17791
18507 15647
19501 26326
19982 1722
5614 28702
28628 5327
3260 14023
28637 6377
29449 11854
831 1308
32424 20743
10131 23273
31783 1561
238 24930
15455 10442
21523 1678
73 5373
28902 28687
22292 23800
8484 32514
8820 3179
28498 19239
13628 7342
23027 22850
16431 32331
18174 4289
275 23484
19343 13470
26632 31094
7133 25479
10008 22310
14188 25405
24591 30266
9604 15162
25741 27043
21985 25238
15449 4825
31148 1323
26104 12320
26794 9208
1407 8203
26292 5315
30117 32318
23911 9474
28444 32119
24092 25596
14882 8912
26 22572
7763 17982
28427 9190
1217 31838
15789 23869
70 19825
20682 7459
12313 23972
30314 2514
12448 27286
32071 24683
3717 16916
24705 16861
28684 5671
23443 18185
26788 21072
31366 8228
10940 22034
31333 17244
3031 14513
3568 28350
3811 31290
23188 343
26822 17859
16795 28569
13115 10484
18849 22273
16860 25798
15431 29943
19839 15243
19499 1270
27078 24623
22295 18924
30962 27325
6264 18148
4600 30244
24594 27362
3287 19260
8435 13326
10536 15620
27813 3605
759 6702
11944 28621
18897 22493
15391 31768
28190 22957
3018 10762
14514 31476
10804 14414
158 15687
15918 28613
29516 16448
12667 31089
8907 26239
20941 19346
20071 19439
32241 29198
6525 29002
13126 13846
9357 16608
3955 26887
15505 20628
6745 22158
5261 1319
27719 8720
15720 31417
1133 4937
20474 22156
25492 5683
32102 26124
16140 29225
31146 12044
24549 31820
29812 21843
610 18726
5176 31063
18858 8589
10111 29768
7105 16074
130 5456
31159 4603
12023 17434
10271 6838
3115 11409
15299 4335
19793 22506
24214 26140
4121 22244
24810 24982
5509 24910
27363 23619
7929 3786
25132 24434
8593 3282
22504 11014
17334 30200
4844 26327
22772 11890
2603 853
20486 27093
25457 3439
18227 15905
19029 31155
15070 26622
13161 10934
600 9285
24499 14006
3832 17090
13409 12414
8558 22073
15032 30602
26964 9638
23630 21356
17158 17097
12153 24174
1972 27106
26631 889
9141 3770
16431 4917
26398 15074
28104 13426
17556 8511
30649 13255
29278 2759
32689 30328
8638 133
21528 5277
16514 22243
24133 24193
30934 32296
16625 20809
25436 15424
15083 16086
8063 13244
8718 11500
17924 23577
2673 12179
27105 20293
28125 17085
6995 4191
26500 26410
8491 12222
22511 1673
23656 28726
1337 25312
2571 20886
2939 5421
22311 9333
12679 24398
31544 2863
30169 21790
19637 3114
26570 8417
1001 6494
8455 26338
8190 12564
29506 3162
8795 31725
7719 26004
5168 3111
8594 3919
2638 8732
32767 30564
6973 6667
1346 22696
31624 26395
25976 11796
13404 16285
18493 24867
10321 24210
5151 14204
23176 32365
3667 17361
11254 28954
8871 24071
767 31038
26552 26263
4423 18625
13157 22836
11205 18570
21379 29358
26905 3465
16082 28182
31263 7931
21040 7459
28868 29161
28173 24532
26904 15858
2079 16215
18597 3915
1367 12330
2048 14852
28691 16256
15005 4749
24213 12262
18663 3960
7604 18726
4240 14464
29649 24427
24358 1739
4109 21927
31464 6764
31161 7986
11735 26924
5135 1204
1808 19082
2591 12356
18008 1280
14091 17617
9721 16520
24183 1217
30413 607
18748 19417
17048 5641
6748 24669
26778 1941
28731 24440
26725 4898
9740 18653
20205 11682
18825 28079
31198 2782
6375 18079
9522 17595
7433 30036
30466 1979
13300 29967
32156 26822
8067 16015
21463 18475
27739 25394
24483 26082
17698 25438
24292 2836
1516 17439
13953 27868
9206 10257
14263 11344
15767 28545
20404 6075
26227 9167
21857 4397
1010 12822
27007 15926
19953 14607
7413 25838
18359 28211
20840 6712
17706 24096
2061 9544
20546 3134
4795 15459
703 13730
23365 32486
10263 15155
13574 20618
15283 30475
27837 31206
5978 288
2716 12854
26094 10019
31387 30298
11862 7080
3858 20770
2747 8328
4487 30920
24567 12419
21956 26046
10570 27690
813 18090
11343 19965
2129 30128
10543 27088
27839 21231
23317 15219
29979 10318
23778 18577
19825 31352
17953 6617
11720 27429
5181 20316
11515 4252
13297 21558
13764 26229
16129 30065
21018 15268
16936 24614
16573 16819
8017 19173
2319 8527
24586 20055
293 14342
3125 12578
31262 25423
22784 11021
1715 31947
17432 25445
4112 27594
28442 11935
11490 28689
20299 20286
28338 2523
1416 15864
6513 8989
29312 15636
31060 24078
23328 15126
19170 11495
12623 18590
26955 5863
21724 9614
14075 20123
24756 10603
29807 32092
22617 2822
31047 26649
18831 19291
925 20823
13913 18361
4502 15477
23331 14115
31030 30261
9537 5879
12921 1656
28056 19149
1951 28489
19355 29602
8135 23837
5242 16950
6079 11353
23189 18610
7451 26645
311 3982
16260 9760
14465 29106
27731 25668
30116 987
18527 19147
15188 2881
23570 30785
18041 18295
17859 14972
29479 5010
26175 22746
28112 8845
15273 21450
1208 23276
24197 15758
11690 5536
21775 4159
5098 17451
12497 9489
17002 16900
10868 12504
15936 21821
12247 27083
9560 8803
6238 14984
9574 6054
29581 9817
24351 4921
9685 17078
2473 18684
18349 27147
27216 11097
31461 3003
29818 23403
10807 15716
9693 25702
26400 29029
29423 17971
23022 30365
22430 4954
30745 9590
24642 9765
29910 24098
16080 12547
8170 15397
16464 11818
9916 8980
13969 29312
27567 2204
10779 26556
26542 8133
26725 12744
18953 18808
16968 17258
19071 28224
3764 9764
24988 9549
17826 31065
23365 19646
18249 27824
30609 30496
9109 14782
3546 21041
30165 24799
26132 27370
10420 11620
15454 29373
13930 17652
8919 27164
14643 17964
13747 21562
24576 14985
21902 22549
7021 24456
23551 29364
5876 2827
32369 7853
21088 12031
21294 5355
28548 16444
11453 2734
2092 1196
16238 4307
8276 3248
17715 30806
2200 23487
5041 24597
17644 1105
22679 20439
19341 15099
28719 1164
12344 9435
2611 20951
3993 25910
4321 15561
20230 11872
1617 13296
1133 23004
19463 2192
6795 19397
2245 3376
1375 9580
8354 32088
6879 2883
29536 4762
25577 506
21755 27343
31100 9959
29822 9123
16936 18347
9498 20308
9155 7443
15737 9910
32094 11580
336 7291
32119 6395
18740 13745
10353 22651
23726 19340
9025 11048
12945 6758
5737 16076
2955 16900
15658 20984
6907 6939
29941 21926
12802 1554
24868 21020
8413 5898
30439 4884
17010 17180
1409 24345
26152 29409
3764 15924
3068 7736
889 5064
9938 21827
14581 4027
22792 23219
10665 15062
24401 13126
22249 8815
7617 20109
24207 26437
804 11507
6384 13227
13972 9979
21263 23785
17227 14793
30993 13279
14005 31972
17649 18667
25801 9530
17781 9997
18074 14693
20833 19017
10025 23340
15082 21837
4734 19021
22381 19028
15095 1146
12129 19274
18655 9889
27275 9521
18498 29552
19568 10947
10496 8985
21776 8793
1313 24658
22993 19211
8552 5792
10938 15641
23595 30166
6113 10634
32354 20184
27431 15634
8957 11685
10786 10809
10363 21653
13403 7866
24760 31967
4538 10281
29446 93
1342 19417
9344 20628
14321 22013
31387 24303
4124 9229
27646 23115
2231 28268
5012 26040
7459 21831
6623 11390
7452 13504
18575 30559
31977 1100
31827 10012
30165 17753
26863 14395
2787 17717
25487 13318
17854 13867
10074 13015
16367 25583
18507 21395
19538 1852
18492 19573
21707 31931
580 30989
16437 25383
24643 2440
29851 25775
3771 14129
18859 12187
8930 8760
32615 25139
26357 15538
3358 28124
16590 26338
23707 13701
26297 8375
17820 27457
22148 29845
23942 28981
17109 32601
28502 16821
27328 14743
12251 8874
3993 26149
547 10295
32007 18910
24627 19100
22362 4256
15354 4954
9247 919
27784 9624
16625 29886
31612 9669
15506 930
26299 17535
17978 8042
10856 28851
10030 27156
10000 29958
31381 24833
14372 1140
6023 28340
3757 31287
24936 18903
9275 20715
29300 17790
23070 5359
21658 30384
6361 22030
15502 21284
980 23647
31514 11592
5457 9321
6325 12679
13985 26251
20310 18636
10392 11676
22154 1090
20542 16590
13765 30303
15303 25816
4341 7456
29638 14420
9053 16790
27805 12133
23713 28833
11320 29342
21533 28924
30715 9503
1659 23161
7928 22017
4485 12942
13414 8437
25143 12817
20046 16935
2329 6208
7304 8553
10444 12036
27622 6285
13026 25719
27055 30994
26355 7587
15183 5380
18412 9869
15948 20253
31659 25458
1148 30256
18633 10064
24694 28616
9911 21416
5702 30220
5133 9602
1125 27877
10014 21427
22760 4707
3280 25179
9975 3677
27051 20401
28801 9560
20783 32259
30766 4778
18283 32504
28565 19936
203 9241
21936 16220
21554 30863
6540 10307
4936 2094
21829 16790
15638 6067
13618 22174
16080 12874
24413 24206
14065 12372
28470 22884
28301 7014
22920 29712
31971 5013
19627 14296
18739 6641
24828 18683
24271 25679
11658 30868
18291 7756
5394 11714
24537 15246
24366 27142
23177 16205
29129 27884
25839 7442
16086 15086
8879 5823
14913 2965
29501 15312
27686 25313
13736 28128
29506 23019
32438 3695
2983 23241
30006 14818
28083 21426
18578 13259
6466 9570
30116 26731
24867 20672
19914 10102
19145 10175
29757 31765
5699 1410
17822 17969
623 20931
24018 30959
8554 21365
12304 8823
20810 5800
25912 8442
11536 27054
29799 10483
2520 13692
10696 173
21587 13650
4013 5381
25207 20895
28126 19313
3445 8735
21296 13633
10220 23366
23898 2085
9308 10977
13061 32752
32733 18427
25634 3483
17681 14845
9344 30605
15191 6938
5278 20249
5697 23018
3262 24393
14665 15957
7738 30938
25535 13747
16155 16263
22790 10801
21480 23691
22784 26999
3004 14945
31943 24200
17051 11726
19358 8937
24070 12321
7207 11013
22477 3770
5590 4560
27429 13257
26277 18347
6138 27736
265 10376
28807 20364
30245 15694
25891 11047
16446 11391
606 6482
4464 7704
21836 9114
31391 5816
27169 5944
32432 3589
6398 28309
26104 17483
5387 29709
26100 7015
29126 499
28987 30436
4763 982
17330 26467
14516 7427
32511 9536
8978 6219
27456 7794
29917 1287
12284 7091
22008 9561
6489 16610
473 4532
15760 27813
14488 13726
5791 15186
17989 2484
25662 12560
5247 12015
27155 20281
31298 20263
24105 6403
15873 26325
7071 19296
32245 23581
28061 19490
29364 1804
1676 5219
16389 3870
30599 6692
18419 16899
15372 32052
13344 18338
11768 31572
10588 22367
30130 28568
22902 21145
19110 24848
26450 26743
6133 25768
20796 9957
22890 22093
21884 7385
17585 11601
1323 29147
4803 28689
31045 5828
32165 2773
24063 29638
18002 3575
18522 14252
22262 5960
2552 11363
21852 27311
30510 13498
14762 32275
21340 22374
15692 31867
22393 31561
13870 1140
1778 14580
12846 9652
18101 25962
26321 25084
27272 14886
18740 13635
11424 15968
25158 26896
17263 21901
13109 14120
2493 5925
15910 32617
27898 21416
1833 5366
5587 27363
8556 26260
32515 22384
7343 1620
28268 4988
26359 21619
1126 15052
30343 20862
21847 3586
20492 23481
16772 15133
15640 23490
32550 3904
18129 9330
2753 30132
18667 2564
29105 26671
12499 29817
11013 13399
15661 28986
29329 14978
20865 2048
23103 2496
12849 22257
1446 32027
15535 14860
17374 15901
28652 454
31634 20627
22804 31989
7510 2961
14456 23022
4155 9142
29388 8938
19617 10929
8850 22959
6477 10244
24022 30316
7868 12040
1052 19940
17590 5682
10391 8910
3622 13204
27803 26236
26408 17063
24149 27836
6500 22343
12218 5884
23195 511
22973 15025
10623 2439
32709 18169
27848 23947
10078 28030
2180 9902
6190 21150
23982 6095
30764 2250
26627 25739
30732 23340
28177 259
9213 11149
30609 3807
11415 26485
32246 7059
15375 22676
2886 5088
11182 21600
15145 4254
11649 3840
21056 24762
15953 5481
24503 29819
29653 12999
7454 3593
31527 17694
116 23343
23413 17713
13445 23648
20729 1443
27511 15608
21547 27996
16287 197
8501 12590
5785 10950
21415 20664
14999 16690
27244 23179
7673 21180
18429 15244
32030 24854
724 7578
21114 21684
6692 6512
20713 24018
25287 16332
22595 26296
16503 15825
6193 31549
32578 8361
21823 18826
24888 31856
1074 8224
13415 31309
12187 3357
1289 4578
23468 698
16379 29159
23627 9497
22897 23569
20837 9534
19433 30777
15749 19803
861 25274
27301 8784
2237 31259
4420 15986
412 12270
30136 18827
22570 24823
28614 12835
8034 30865
4208 3070
1924 25422
23054 14310
30406 5342
16032 14507
6726 9522
22627 22887
836 18656
4258 2310
9358 10442
10447 3846
17467 23803
22994 32124
13724 3793
32161 1112
28528 1633
30481 2537
21079 10007
19436 11428
13194 8093
9539 4641
32712 20734
10757 10086
2708 12556
26577 13928
23965 11263
15881 29903
7294 18782
32552 28666
20647 6179
15445 31299
12699 9754
28472 32132
15709 1674
30220 22234
13604 11287
5621 8104
21078 6631
30612 2015
18356 12292
20953 9597
25298 5889
14105 23892
25035 3809
14433 18701
20786 9524
21257 15980
1612 5763
23692 23510
2428 24302
24727 15888
1278 15892
9567 17225
3032 12851
19000 32603
19726 11920
13412 17742
1814 4378
15912 27165
20363 6986
23589 9405
806 29261
11494 12124
29161 27237
9910 3559
7069 8589
22452 7630
4223 11612
27689 21259
18999 24619
28440 18017
4361 27002
30999 30945
16719 21904
16734 28851
1319 12386
17694 4883
22121 20406
30996 24474
23772 2184
14685 28863
31913 21421
27532 26013
10511 9654
1786 6391
20313 32279
30557 18809
28173 29065
3484 5952
11367 13228
29410 31389
1541 25585
20978 6166
24292 8631
10938 5550
5003 11188
1066 21863
22918 3735
28742 14596
1046 9963
5754 21267
295 31295
14382 10539
8834 11140
25499 27507
1860 3766
18653 17763
14735 8127
25929 11215
21631 24728
30976 19489
18016 25265
31428 230
798 32659
32267 28556
15100 1220
16210 13161
27017 22250
19124 14848
20689 20532
28859 13440
13520 24054
32118 17038
27436 8595
26060 14916
4899 6304
24335 12666
2497 4166
5333 11332
28247 26600
28931 5307
19242 26374
10794 24577
13928 10850
3095 1151
32608 27745
11941 9585
15345 11443
3798 6053
19011 31542
15906 9087
6838 27160
7183 10305
22040 27453
19970 1161
13339 7392
26965 26652
5638 18812
937 29409
14762 7917
7550 17713
6296 24786
6913 25934
18321 6711
16164 7728
27198 4721
23796 15240
3873 2376
13096 18175
1996 32348
9717 10942
4433 1985
19242 23860
24825 31725
31864 31251
26937 29396
25617 27804
27361 25169
14198 3869
9879 22984
5257 25528
17028 8458
13546 19045
14413 15992
27520 22586
24389 10348
8278 13291
26337 9684
16041 7053
21868 8736
18751 30623
24315 30815
2298 8010
10404 31140
2476 12776
19435 12975
22829 10692
11901 13513
15531 3104
545 26096
20546 23165
235 7220
17612 10518
14770 2145
12283 32430
197 13278
8869 24971
22746 5589
31070 13763
26695 916
6988 20662
20085 52
6967 26076
28049 12152
28384 12481
31876 28663
12436 77
29990 24702
7936 1865
12974 21680
20295 5663
21614 31983
17746 8673
14525 17792
26216 15501
9268 12521
31230 25232
26909 12702
11472 16776
9000 18141
18992 23630
23392 24791
8094 12340
10334 20496
16026 16267
7868 17416
4278 9577
9677 7451
29167 5801
1163 5542
17725 29746
15057 1643
14185 21117
31435 18999
9247 6737
22186 1218
20804 9937
30364 20694
29833 1209
27387 6579
14145 14053
28356 9139
11376 9235
11852 2090
27940 4585
26158 10384
20232 20794
28296 23778
26934 32645
1639 24901
23373 446
29567 18157
2755 7249
18976 27709
19069 19557
29029 16431
8349 18013
14255 21751
7836 15781
2897 1507
32664 22955
11149 13446
239 31787
26048 24853
10508 15536
13017 8721
28801 15704
18703 16166
342 15575
30164 29524
161 2494
21508 6732
5719 15102
12899 19741
10082 20903
15942 12815
30196 10230
18064 975
7194 20879
10976 5069
5268 20743
19209 19427
17892 18085
2755 29495
17317 31850
15776 14946
14878 29518
3905 21202
14359 21965
15305 5484
19179 29602
11410 31862
8415 10963
19743 29877
9650 25069
11346 18898
19830 30609
15839 12803
414 19247
20481 15591
25687 17170
2412 10673
24092 29597
898 26760
10628 19412
21705 19246
20831 27422
8093 10464
21762 1096
31010 31102
26335 29134
15485 11244
31065 24406
7748 15288
3542 11390
5170 18941
31253 27863
25888 15751
6082 10545
30000 11831
4679 17946
8780 8105
18150 13217
17615 20245
27396 19040
10369 6259
27848 31161
4553 14051
16869 11103
8990 25675
6324 24
14015 7234
8070 18882
164 1581
22072 26260
3252 19111
7688 24999
27960 22567
31654 31925
11664 23260
16271 1824
23844 27612
2198 9782
18078 15230
21699 29363
10071 15108
5217 3975
31502 2430
29523 7642
12256 10219
19623 12878
22132 14496
31854 12164
8823 19950
970 10721
20296 3071
13128 14482
15604 8705
20336 22477
22884 24198
25499 16474
10709 25387
14085 22611
2185 15224
6179 8488
27324 23304
29239 18149
17114 18154
24865 13496
21231 28230
14200 21166
863 30276
10969 20669
4567 32041
6783 8967
11395 6340
9236 4957
19842 5128
31431 3074
27287 12282
13471 32690
19745 27598
527 4835
9805 6220
970 27211
13194 14969
13016 17058
1853 372
3818 13737
18870 21406
1771 20587
1635 14077
20439 24259
22852 6371
7632 4126
4255 14538
29551 22914
5877 14979
31576 14544
14644 9104
8209 15686
7470 18382
22036 31047
31818 26967
19490 16735
30330 4006
30171 23682
4461 23036
9356 2452
14341 20739
8776 32303
19979 31665
826 17056
11298 15216
8505 3890
6137 13180
30109 3760
3269 16268
17745 10789
26607 15796
21290 16870
19977 12170
3191 30674
23559 30344
25562 28377
30892 12209
20054 9147
23106 29303
5800 17170
5262 30429
31451 8339
17155 26329
18455 13201
9014 24316
26810 15554
13202 25172
6313 31046
10829 17810
13289 1765
22682 21864
21353 23961
20001 15413
11298 588
20652 27364
25698 22242
31779 2321
21349 11130
7866 12398
24358 29937
9577 30566
27764 19624
11421 3840
5448 7560
2349 30725
6486 8771
23951 4965
15586 6364
3916 4567
2517 20329
12465 1728
10000 28184
12999 8790
14848 8816
29574 22277
1651 4057
31814 28178
16554 10591
1142 20350
17839 22707
3216 301
11753 5746
9548 8519
28141 22442
14101 24543
31127 29851
23993 15314
7514 27834
11364 1778
468 11260
28111 30052
3493 13648
13493 15431
6530 22125
20615 918
10885 18639
31328 12112
9927 25596
20027 17366
14385 17676
25700 27028
20879 3944
7980 21475
2534 10962
225 3886
16904 8870
7677 31316
18533 2655
32670 28494
28452 2908
2614 24338
18547 32741
15492 25783
32027 16233
23235 5081
29015 9
23073 1599
11238 29019
8306 27835
13151 29799
27686 10066
21957 5366
30840 10397
3675 10253
12777 10351
32185 13236
3821 27065
10272 1019
24804 6058
28171 4415
12619 32282
29446 7082
32564 8488
26307 8185
28915 30754
25707 2434
19995 20390
23602 17781
21929 5895
15150 7010
17534 7410
17769 28411
8211 32594
22069 20252
6504 21104
31423 30216
7229 17247
6887 7926
24197 14743
9295 21708
1048 15328
27570 7722
10920 7282
14456 10922
29174 12378
11911 25958
21573 5663
2651 4283
25359 20390
25433 20301
15352 13139
26720 15947
18944 30833
19106 1269
9980 25300
19122 32091
12615 20924
7133 23143
10677 13821
4542 28445
28104 13149
19469 31522
8743 28990
21688 8315
24907 24189
25653 26264
17020 27801
16406 28305
19708 1560
26590 15535
11138 17446
1043 15150
13289 10112
19348 23105
5930 22672
21293 29015
19848 13017
31593 17821
4874 8086
28839 22980
2094 926
29040 27396
19164 17547
20232 16225
7065 10523
23619 10541
25341 6359
16026 25550
11111 32498
21886 11713
25327 21619
11245 17375
31132 5527
10306 8671
12248 9840
28241 11293
10528 27347
10163 9881
5888 5489
9823 7491
4159 29252
5498 8566
26711 12333
11377 194
6951 28123
6212 22766
8428 3566
3877 11581
15982 5724
16961 24817
9591 7956
8670 15118
31113 5090
10150 22368
3280 19859
6978 10431
26966 18009
1323 28818
31350 28017
17341 20370
27283 24066
30350 21457
2314 32073
13309 10234
19556 17395
15630 18394
17617 14026
9077 24095
4818 21140
5616 12128
13877 28472
18138 13918
18758 24099
8446 21898
31812 18410
16041 16839
25874 3377
22275 2672
30511 11979
5534 25245
14312 291
4176 4002
716 11994
20286 8409
29281 20145
6970 21666
16661 4266
1615 20135
13943 18026
25241 869
29863 19170
7002 31976
14859 3374
9291 23765
27460 17085
29488 16302
31073 1203
14255 25938
30802 23691
17762 17091
31135 1025
25643 24876
32602 23599
31432 11811
6994 24566
18343 8491
3721 5535
7163 23165
31976 17346
19727 7944
2354 28007
20442 21942
27959 22892
13013 27121
25162 10535
27145 14182
28148 16971
8556 25352
26346 4112
2413 17752
17981 24462
20942 18916
6353 23402
18098 26638
9488 27317
17399 6415
6367 30481
29381 28476
21457 24086
1383 12935
8603 4596
25946 9800
30921 11609
1956 23614
4527 32405
23399 14544
27041 19964
1718 3225
1639 25483
26023 26404
3563 4047
32682 1780
1589 15363
26393 2760
20889 17785
14096 18461
15151 10299
9086 27379
10116 15601
20348 17108
15759 3589
24030 24851
7143 2054
28680 27730
28211 2378
1796 19782
30433 5336
31441 6335
24859 11396
31741 23266
28406 5724
21366 10169
22509 4419
21661 5359
27535 15580
13724 212
19572 14506
16889 19111
22389 15989
7020 24597
2844 15343
31982 17405
858 12183
13331 29302
23928 19678
17561 17939
6224 11144
27201 16998
17597 1622
27869 26562
6736 19682
31403 29765
17477 3274
31969 13846
31413 30224
6793 21228
15373 32449
23951 10448
15038 27093
11801 11299
21302 13655
6166 26338
7696 13254
3866 32041
29319 21690
9321 23286
27953 24778
25426 28464
20202 11438
18366 6120
18445 1953
776 9182
1003 26889
783 3399
2165 8538
28554 20941
15932 4664
4508 3032
13468 12764
22953 12556
30259 23992
30567 6675
408 16478
14392 14236
14922 20126
8119 6307
26087 8174
28304 9715
2463 9744
2966 14058
15335 2030
783 25469
15986 9161
4178 14203
29789 31890
26005 11030
2218 5784
9728 1183
22767 1892
17926 1937
30799 15585
17908 5329
24234 16321
31434 8244
6161 29979
22859 8002
2173 9049
30544 21818
6080 15953
14177 8278
22971 16050
21126 11343
1746 2210
13403 11812
22685 9637
23907 3352
7904 21953
16286 7417
8382 15328
18782 19880
7721 10613
4694 29654
1437 19810
24308 3852
12814 18970
28145 12526
17695 30466
17446 27072
29076 20766
27297 24105
18954 24297
21240 27191
26597 2948
21981 30116
32395 15635
32755 23896
11984 10853
8416 5678
11952 13267
20644 27899
6468 17258
24361 1997
31471 30796
25114 3184
28121 8531
21753 4151
23198 19192
32620 13560
12615 25715
5592 5977
11897 16420
18481 29258
236 29490
13073 7123
25375 22642
26375 16144
32074 14986
31281 30586
9109 26966
22541 12647
17543 16010
17292 29653
7105 21913
16232 30563
31980 31446
20664 11936
19184 5593
20418 9096
28518 4901
15120 20044
26193 4360
16582 18770
12808 21442
29234 1661
19319 17641
21925 27054
25223 523
19073 27787
731 16022
29588 12159
28861 31989
7076 7169
21080 25340
18507 31770
31015 11654
28422 11041
24493 1884
136 17354
12135 18265
15956 28511
25343 22988
3722 14924
22722 22814
16897 4577
26964 6581
151 20308
22178 11543
20421 29701
10009 8275
26487 31494
16662 31133
18714 25563
23197 14648
19702 23166
4429 24985
6590 8359
16019 19145
14949 7241
23583 17675
17972 12128
3220 20159
20250 15594
7300 24966
2627 32563
3995 6823
26347 4950
3610 17073
1909 24065
18055 30818
20663 11640
6051 712
921 15581
5789 3750
5342 31918
17797 23321
14145 17551
3587 6523
19396 21066
21577 1160
11333 14868
13894 29375
1106 11282
19229 26635
11326 13083
30421 27299
14964 20672
9810 7983
16140 6793
1924 28716
23964 15490
4574 17553
14673 1270
29450 2483
26430 23931
13275 5222
23283 21806
10627 7525
338 8256
1798 23796
32158 12466
8942 2499
15573 19548
17729 16150
21312 17460
4528 3619
22600 12493
25105 16059
13451 22558
9487 813
5679 8325
5408 9064
32630 13580
23480 25439
9107 16106
29885 10418
1469 22605
26170 9098
3713 7254
8279 32452
2908 30821
6537 23379
19593 8856
31494 6879
21784 22926
29052 15794
20800 20849
30210 22485
18166 29235
9039 24950
13502 19223
27433 26253
4802 24436
16417 22976
27169 12470
1918 3715
30345 10661
26487 7811
1544 20202
17829 15941
2847 22734
2487 17674
5401 6726
30824 27639
8858 22829
15022 2162
635 31696
25908 17871
14037 12207
5131 8748
3676 28034
28317 12953
26607 32379
10210 29309
21613 26315
20182 8757
2761 22887
810 30973
25185 6412
25145 11796
18315 27264
16447 7451
24177 31772
453 2494
18464 26247
10592 18071
15835 10948
28059 17231
30389 20847
27442 17927
2911 3907
18305 21494
19518 4832
22331 3411
15808 24523
7519 117
12017 23223
13928 14393
7753 27395
965 2468
24776 21891
11144 25801
16198 13443
16482 11501
32260 12553
9679 23530
646 24923
1166 29905
2981 28865
25428 2515
12256 29836
14273 22882
5619 4695
915 18067
7083 23437
21018 12487
24312 556
10732 28298
23876 19144
18137 28603
7427 24530
12321 19182
5515 27162
32485 14862
18726 4755
26844 19015
17766 20822
25415 17186
32185 11754
29223 2290
13373 21699
30637 32368
25814 9736
6130 10658
26237 8602
1256 8193
14043 21585
18065 32218
9238 10889
21358 27893
18667 19421
3387 32373
3837 25650
30169 23551
11116 32248
12428 5150
18858 20908
9062 1510
22666 11937
19715 12248
11674 24833
8823 26118
29363 14606
2437 13176
4558 6062
17170 27341
4889 9255
23000 10789
8523 3879
26975 22079
10292 1799
20777 20703
16792 16720
10285 28275
25661 15743
1160 28405
2371 9477
27502 32275
15284 27794
32102 32398
18012 6803
12983 9440
29659 22266
15389 9505
5368 10301
23489 30763
16696 417
19048 31741
1456 1720
31979 29533
30231 10280
24039 10434
21535 32175
20405 14448
16645 356
2717 17893
11623 4160
11078 8308
31575 21468
1393 6960
1709 31100
3815 7179
1953 23117
30384 9791
921 30955
15494 25581
16447 30758
23690 29444
27863 28422
25397 31077
30160 15885
32144 17477
13976 18875
22952 30418
32181 15960
27452 3097
5906 16621
26810 12327
20630 12692
5226 13422
11515 25329
9704 9067
14558 27393
26583 14214
13842 28946
24020 14650
4410 7443
1705 2165
21911 3086
3779 21826
4894 28147
1767 19365
27342 12439
29472 14022
13632 23548
17916 24402
30592 979
7159 10527
6683 29247
19256 13327
5753 28636
7035 1078
3693 19712
14927 30015
523 4161
16257 32011
6074 28215
21976 412
10890 28291
23554 17970
4807 25103
4559 13235
23758 3736
9629 80
25119 13162
13844 31334
30900 19307
7187 31394
11409 12379
4329 16745
14237 858
1225 17271
11184 32427
14712 10694
749 5303
30025 2225
2642 85
25163 4697
23181 10824
28097 18504
21265 2057
15314 28756
19306 22472
898 20678
28365 23981
26337 30652
30196 1635
7042 4556
13097 4823
30511 5098
9376 12605
13531 15500
265 10069
1496 12300
29286 29164
17227 13389
29466 32165
21468 20385
323 23801
6578 20202
7242 8061
31902 30464
16569 11875
25750 25939
22092 21060
14438 25554
17482 17949
13474 13323
8213 31639
11999 5523
10752 29835
6434 2984
3170 21957
22937 9749
4329 5896
19081 20822
16432 29779
30344 29181
8083 1123
25836 20308
322 6265
2691 4420
6804 18781
12933 21877
21662 21923
29638 8119
2821 13613
1584 10657
11536 1521
3185 21879
29953 13820
9713 18513
10662 3767
23815 28538
7723 1386
17772 29975
25650 29950
24304 26633
25637 9479
4203 6932
20427 16898
20215 32576
8986 10970
17756 32127
10061 14258
4044 5009
11318 24030
24529 14373
27604 21810
7299 19009
19496 8832
21246 4067
29509 11100
2835 2025
24999 14114
21566 4910
1733 315
7896 14582
1001 16539
13710 2700
4416 18574
27410 27177
14637 9909
20496 14616
24035 25163
1380 12568
15667 16557
32394 27906
26274 13082
18518 25771
22463 20919
10213 24588
12980 2006
9683 9632
17178 21879
22958 26638
17682 18959
2475 14088
8849 7305
29336 30579
6907 1163
19474 9928
2292 14586
23800 28090
14963 14272
13344 17945
3863 15053
22856 14326
20671 32347
2639 29192
31317 15479
22693 16718
24810 445
15104 11254
29448 16227
26448 13182
579 15993
2294 537
19218 22638
10032 1876
11997 6359
20440 18425
21591 11372
23119 25907
8718 16723
22196 7924
18241 15522
32089 21908
18161 26911
12919 20155
14650 842
29216 16768
14052 18077
14454 28114
9014 24594
14875 17175
18442 27110
232 23060
30759 21660
16610 17933
11210 24902
31081 301
19334 4352
14003 30760
7502 11709
1913 31006
2001 20550
31472 2499
8198 1919
15099 26813
13575 1260
5791 15949
20002 29301
4279 16434
20269 21862
18153 19658
14107 8890
17624 16763
11469 26777
6043 4177
20010 12575
13679 22760
30066 607
3496 2189
26831 8104
21742 17824
10286 28679
24997 10812
19788 11788
11437 4635
12820 17617
19020 32691
20776 32313
28520 23717
5310 26230
22266 6488
1965 2254
7103 28641
7367 27038
23089 20007
106 24991
11957 11076
10322 15976
25622 19502
5553 19508
26162 15254
32130 11494
19699 30992
19226 8266
4993 9077
12544 8606
20406 8837
15358 32337
32211 5073
7288 18954
13425 32473
6653 21484
21690 5233
25884 281
2776 32105
15225 12404
12974 31852
4640 2988
29894 26409
14872 26998
12171 15025
13116 9497
185 20256
8518 3888
785 28288
5933 23467
5201 21226
11441 12568
14179 20462
4659 15649
26325 11062
5835 29269
27529 26725
21653 21291
2990 3141
30539 28227
9710 6946
20761 28656
3305 22129
12716 27892
14051 32182
13197 19082
5561 5796
29613 26538
11034 133
26433 27528
11507 22236
17359 23902
20011 26441
11657 26987
32657 16046
8155 30523
15635 4496
17472 29994
15152 960
11097 32036
2224 4922
7232 13998
30866 10829
28186 6698
26694 7420
8171 31062
13852 5541
8879 28951
31741 13536
2470 10357
25177 26794
5359 230
8032 16067
19032 7119
30325 13908
4213 22856
19423 21717
32751 13344
8386 558
24351 7968
2894 28700
31707 18324
32567 4311
22416 24840
31333 24818
22929 24144
27116 2178
31663 15307
23358 6018
9482 16104
19872 24950
10023 20200
14298 15439
4418 19174
5683 9871
19941 277
5276 6317
16057 11082
10540 1467
19101 5306
13004 20294
4597 19716
28724 12414
15684 3186
25366 25750
6654 11643
29592 3182
31127 24461
26632 6000
1760 30474
1227 13240
1427 32401
26775 2423
12332 28030
30947 17817
10235 10164
29339 14245
11128 10906
29463 1765
1750 2915
3406 17096
29403 10899
16199 21124
21998 16574
23505 2047
7026 10387
15476 23024
5458 2586
20391 2369
7133 19258
22339 13753
24533 27006
27448 9687
8898 8473
5247 17921
18828 1319
5200 8926
32073 27957
11156 25344
20052 23556
30365 966
3487 17290
12565 23936
20554 19002
30260 13013
20852 30085
20790 20322
9809 23969
12813 31140
30844 20105
6739 15384
14991 31301
5762 18848
2802 8299
22375 297
14576 20198
32724 21643
8208 8182
31382 5808
19874 6520
27814 29945
9368 4456
6052 8157
29591 15268
16512 26324
12622 17650
28283 19315
21255 8005
5710 20440
29051 25404
1448 1096
12267 27372
8926 6167
6508 2527
21726 29128
26755 1628
10086 4726
27889 14313
32627 18547
976 28431
29691 29998
21983 2653
7902 27226
20507 23728
31259 8780
2703 18609
7487 22437
4460 13726
28452 16434
17500 16718
8151 28432
16404 21359
32474 8724
1576 30227
396 32361
22308 5995
3557 123
29400 6353
23910 8980
13043 20236
3152 453
13268 22480
10517 31368
32668 26757
22540 4771
28552 31305
24424 8912
14206 30520
12139 3738
20453 19691
15063 2826
12730 2110
13222 14467
6368 24151
32762 5099
16568 18148
31575 779
20210 2979
22544 57
24739 28968
13567 10548
28055 23771
15225 13647
30184 7232
22913 5842
11727 12667
27708 19357
7099 18707
28326 8462
23712 15606
130 28453
658 18621
22935 3814
16786 21298
32025 4095
24232 28943
16742 29099
5426 1289
32755 25302
26235 8461
389 19842
1935 3274
31396 12649
24910 5487
11340 4580
22208 2742
31975 31499
17832 3361
7544 25118
30044 4483
3865 25892
26579 15811
7335 11729
16640 733
7356 31661
14430 6185
4061 6515
18637 15328
28405 16823
4764 23772
15874 14028
9191 4511
14095 4581
6947 151
8546 3450
22519 7585
10486 20206
11853 24779
18988 29550
20394 23134
9661 25628
24250 18460
20723 13677
24880 4038
30233 5583
973 17121
22832 3984
25789 4026
5347 8699
22570 17320
9149 30148
23308 17041
2458 12454
10302 6063
12635 11338
9175 916
21214 5227
4279 11116
29998 12344
17504 19843
24822 23289
19720 7943
5948 28662
15852 14094
8267 11668
5606 10970
18161 21442
29762 16220
5099 403
4046 21496
7582 5676
9264 27272
8 6369
18812 28835
4341 27803
27142 11807
9334 21117
19061 31956
30095 32711
22553 11683
1840 19194
12671 16056
4454 13373
7490 18187
20179 19711
25379 15149
15964 17118
15196 28481
11553 4551
18482 31304
7346 8543
19914 24227
22912 20898
7229 7122
21905 15050
24558 3458
7032 9331
19484 15303
28037 30716
21427 166
25913 12848
25704 9942
9980 6182
22532 26055
32274 13157
4096 24292
29900 22860
28499 22
15611 16818
9864 28553
31914 28873
1555 25778
21261 30792
19173 4753
10676 21449
6462 1843
9732 25711
6595 9340
20200 20429
27856 5667
15044 17923
26639 26878
22955 29482
21066 10112
12241 8179
4477 8064
5187 17802
32560 13627
18389 6337
22275 26525
30812 20586
29579 27068
1054 11012
19804 30118
4487 30619
28775 15452
20254 9705
23431 5918
28599 8641
32342 24041
14057 32174
18757 1855
10690 12503
1004 29990
14266 27685
23966 4979
28646 19112
27713 11080
5742 24887
3420 4060
11841 29015
23922 2170
19207 17247
14735 7117
16216 27609
32544 8282
31531 42
32263 13902
11921 32374
20719 3706
1187 27838
4061 8860
2744 29515
4360 17120
6108 30288
11243 7334
18558 29387
12952 7814
25193 8876
5455 23953
13558 11321
25679 24538
18815 24753
9196 28726
30742 20015
9954 24383
13431 10450
25321 21919
10044 20251
29578 7051
26448 28054
16176 31117
26534 1469
29314 5767
27947 23577
17904 30453
8441 4522
16780 370
4813 27785
29468 11390
16315 5068
19053 14718
28960 17066
4074 8452
2009 14048
10604 5201
1970 24146
8532 14360
30497 2038
9176 31877
26421 7150
26266 13950
14281 7924
11903 24105
27645 1275
26558 5806
8935 5907
1079 25406
2181 28814
5127 11604
21238 22369
19545 58
8170 29645
28798 7632
18008 11070
20801 20617
28783 8819
22132 7862
4558 10975
18127 17159
3575 8015
16891 3662
8961 29646
8425 5767
27790 31941
12392 22294
4861 12647
31223 9807
31457 27980
3799 9275
2225 30044
2405 1689
19649 17391
14503 26148
11120 24627
10789 28948
21923 17613
1530 9959
9587 6595
28970 353
13091 17817
27190 11986
13909 6586
21486 16791
1917 7706
8839 30947
21909 16410
24301 1728
25619 26796
29786 30544
25880 15799
31784 7513
17386 4797
31716 10240
29604 19643
18851 17877
5676 15696
2713 30992
3942 14626
32743 282
22695 28030
5557 32080
10349 14654
26753 11523
16973 3312
13494 28867
812 5684
25729 28893
32178 14950
12256 3362
15100 9341
764 31210
29585 27187
7864 11865
21656 3175
10122 2017
9544 22207
5770 18184
24735 25233
16584 18796
5975 16644
26851 9476
11798 4210
3799 2216
19429 273
29207 1492
3299 3283
31196 10153
19770 26250
30652 31540
8275 25680
30846 27891
18502 26918
5933 8085
16789 4571
1643 8194
14105 10544
17416 6811
29244 10041
10963 30147
7017 16390
22192 30110
24257 17795
3819 19736
18704 24733
10956 16426
28927 26022
9324 15193
16523 18427
19910 1151
29365 28900
23569 26829
6523 32187
15694 3089
16392 10577
27677 15669
32040 25741
13780 29704
2558 25174
9938 23618
12537 6835
4369 4546
10500 2353
24827 29209
12541 10886
13439 10060
32617 32115
26723 20438
23142 2799
4060 26605
27616 14721
2652 22534
9736 28654
11179 19611
19458 19220
10809 15148
29406 27414
18355 14468
3786 7097
26580 1085
24710 23566
2430 28038
22296 2386
22025 29988
14784 12562
15067 20663
11822 20114
16696 13119
28403 30576
6236 32478
17974 15237
1479 17376
8360 15372
12249 12536
19642 15878
30366 22732
14861 15325
20203 28852
19753 14919
21418 27839
7027 25709
370 7416
9049 13133
20571 12263
21712 9308
8208 15962
32256 17264
10789 17509
28733 3038
28331 11175
28986 25823
20226 19151
19577 15673
19183 32351
6406 2587
5102 16048
1893 11592
27338 22326
19401 1655
31594 8966
30855 13306
10990 29333
23753 18079
3067 32451
15239 27860
27986 3352
28339 22798
13992 10573
19124 26475
1970 6158
22038 18070
19839 26366
10624 10219
16906 15868
3046 15067
2576 21925
7935 30610
25887 14105
12282 31960
9200 10498
109 1333
22774 28115
7054 14169
30519 14158
2981 21946
21339 29513
961 4479
15106 21937
20906 1181
5723 17359
11288 5952
18419 1226
12578 21612
16074 23406
10489 29156
28332 27947
24790 3915
8894 6753
12849 28809
24152 11227
2612 14192
16402 31129
1391 24736
6946 28370
29645 1959
15077 3897
22727 13933
1211 24960
15319 17360
27672 25370
23856 1419
27864 26950
8876 22876
32723 4937
20742 18790
15794 12794
25929 20436
9217 18564
8840 32191
12421 2664
10192 2385
18127 31425
8795 1835
