5000
2208249 9724253
4167793 1507398
2713471 1163826
7844226 3599524
347814 5287765
2444025 7603550
3788790 6189585
9814143 4185139
9213769 9383182
2164953 7325552
3367826 3386898
3916620 5083791
6431550 7473058
441120 4604598
2527170 1570353
7328901 2825984
5205394 6672883
6038489 9533671
8629137 3873410
6479642 5301999
8250201 9165736
8427094 4929443
8096353 3787884
4915805 5600898
761972 2583342
2914086 184239
8547035 1682979
1453598 4968412
4872475 952746
3780500 3486064
5364436 5556272
177396 7135919
7515002 8225667
9271899 1344931
5021280 1698854
2330643 1893088
7830589 8965443
3641200 7417620
7787783 1647261
8057882 2836008
9642842 8482255
1125836 2104126
3643762 3053533
2398864 1731015
6274136 6600658
1157728 7894531
3629285 3955194
5728161 2684143
4688843 4743685
5079363 4615074
6061401 2812587
4738573 3417143
6252501 3982654
5178189 4769682
9628737 5331645
6059141 3553186
7534269 9020234
9611932 3588259
3781163 8860132
5646323 2810828
7498857 3303777
5658156 6691579
5667337 4862982
1407269 3428058
6950367 1973108
9639305 3500912
2194347 1498385
9473815 6190545
1177421 6529692
4737974 969046
1192474 9591956
6161664 7572809
8797979 8326903
3683501 2494508
7099744 1447807
1162031 3713516
1401610 9480488
3825504 1100356
1217349 1971249
202264 444998
443433 8804160
453524 2865885
7914370 9998959
3267111 2622400
3385162 454381
6848082 1107558
6026734 2357181
9765021 3443512
4059264 2497738
2481761 4682939
2251679 499258
3860996 2719985
9535688 951835
629224 1239018
2975016 6992922
7745406 3250769
9956530 5081530
7306709 8331941
8541110 758174
8096479 6358269
2948003 1967683
9540431 2225100
9243681 8615889
7619970 948402
8235630 990205
9181614 9456122
7991543 8332526
1407478 853936
4005782 4813493
110563 2387261
4050974 606658
5989927 86241
797517 7793722
7697701 4217084
7969460 8952969
2884784 2596901
7563252 5923188
9215059 779527
4665000 3053495
8956669 5955241
2695419 5650531
820037 4008315
1656205 2930851
6783284 7992366
6930776 6773430
5289535 1787125
2203435 649445
5306910 9893937
7045878 9806539
4982218 7288386
5977647 883981
3035198 8780794
8553197 2896508
7214892 1912942
8083990 8724299
6626891 9070824
9947487 9974378
6536342 3178604
7024967 9177028
9454364 431193
9291707 443519
6513622 1585174
6884036 8556482
5241617 8198169
4596257 2088274
9007756 3682804
1500388 4636354
9551073 1555046
7911663 3172848
7757060 8814867
7029416 473155
1527403 6209931
1669356 6959571
820360 5290692
2405507 3605345
4188464 7961763
8339718 64452
8170472 8877068
4801829 408781
3977118 5318616
1968315 9848302
8943209 1057296
9059846 6489855
3608784 5127892
6106365 8532487
2877679 9705729
1513877 8492381
4058047 9111161
5532148 12409
1041801 5069759
9007345 9606772
7958121 9363903
5216381 5173692
4470039 7178600
4377456 9388504
2791061 774716
4245563 2762408
8173119 1208307
6467741 6856668
4120092 259943
6226900 3840250
8613731 1837708
9959025 1389041
1683317 4985772
7765399 508856
7719271 3488533
903076 7591511
2140262 196968
5126376 898256
6101174 4800588
7445779 6638752
2003448 7350696
5182630 6273288
8001752 7114578
9218381 4816526
5939366 8304753
1427898 8667281
1821942 4627552
7674664 3498236
2472982 6753999
906271 274190
9824507 928938
4643992 9230874
7341309 4799332
5591240 5084340
4797864 4722854
2914081 9878060
719414 126320
4219690 2096169
9226202 3290651
9615567 4953345
8108636 7020741
5653321 6242175
7293078 2401925
5374367 639078
1333518 1509631
4655890 9262165
7504525 7980506
7888881 2276262
739680 9612194
6130961 8583271
3091326 2535740
5597462 5674705
6644258 1634585
133605 8538932
3746014 1381892
6690750 155296
3378858 7364195
2755037 5065617
5776621 8384451
8090873 5218422
2816509 9492566
3746823 7212097
4270869 2020981
2802300 8012246
4677648 810838
8073805 6463801
4587972 6803828
9592403 1066226
5651317 4294689
1512015 7238528
9967675 2771911
3263018 8075288
2676650 2673295
9754068 6466214
1299244 3821878
4578707 8718013
9307070 2700933
5038595 2810855
3705435 3471151
6372584 8281180
284113 4311336
1410918 1828119
29330 4249929
285147 8731897
6848307 7618857
7739978 3176777
3385027 1720398
2983680 4261420
702206 5365741
9852676 8634823
3315974 3675810
6792767 643806
3283147 2802260
8326125 8573306
2991406 6977656
242257 1316441
5988971 3117292
7968923 9601541
4807664 4896242
6437003 5530554
3688132 7847909
6214580 2688669
4373008 7582204
8167835 1635153
1817483 9816965
1821785 4216884
3480725 4486548
3104495 828214
3504126 3442524
1201849 6692599
15747 9683068
1600908 3094271
489078 8968046
1259273 5650434
1367013 4966509
2635957 9409083
7852235 5815730
1147573 4403162
4599247 2326813
7083795 2887171
2874993 9766235
6472085 5777960
514927 2373634
1763639 6974508
3709784 9828351
7763207 4549350
9873466 163664
5320307 4702702
4360337 5903422
7568886 9280775
2703882 5606469
6654079 1187081
145842 8756398
5155439 7229424
2186056 6298697
2522676 3603573
4184128 5087667
7797814 9923571
2286189 9567973
9902557 3243057
2295128 8613894
1235788 2654590
3941199 1262990
9540589 5876906
7842509 1299529
1254360 4389267
3536991 4672146
3905749 4938542
4133759 9108207
1257620 8442488
476223 815336
2053551 6173735
215624 9237254
8612920 1727094
3722427 3283310
770191 5757205
3554124 814266
8553587 4804428
3331258 4426280
9594659 2149833
4015211 4796061
6312759 7112043
8918956 427804
6447961 2381994
2516375 9575087
2564119 5219266
9568675 9671694
7408560 4856779
9316664 4962946
4342101 1987845
720401 1484771
4759909 9384691
7726590 8120222
7701740 1629063
7485270 2048156
2592299 5981462
6303864 6383999
4518625 1642943
4976845 394879
9060429 1289573
6907722 4053976
1478873 9191389
6734870 3446967
2419357 75394
1931382 7157872
2836103 9951663
1339874 6515782
1426773 8014955
2547832 8421153
2018240 5321000
5025792 6751556
6841800 876971
3851555 9776588
7625688 2246782
5086329 2127023
8989564 8173786
6208763 6092533
5796149 88297
7990022 7293151
6277764 8775935
8397800 2241793
1609145 7660665
7634724 3629134
530825 3151158
127036 9303361
8633970 3503475
5801368 8423438
6495111 1924077
2265011 1981338
2540564 1531852
6946005 6222128
935863 1863289
9279952 9351953
8462567 3507928
2374356 7758954
3788888 6125824
6946887 6468595
6047824 4051487
9725501 6505258
6375876 5346504
4539146 8745425
4412058 8121919
1764514 7288708
8803199 3005807
3971443 6355319
1315871 2238163
1587965 1843395
6030509 9879267
8741407 9096222
355147 7703583
8256523 4811488
9042869 6614473
1446790 3389400
8540390 5485499
7102222 9872092
3222951 2036637
9738932 4971969
6553245 5305744
4941086 2281913
2072668 7598449
5181824 7116949
4074431 5389492
9195161 3166326
3479746 4165224
3875501 5730223
3624870 5014737
7756669 8105210
978400 8587411
6217559 4591222
903041 7908960
6480119 4796311
8626329 537987
9066449 8615116
7094614 5450760
3525588 9074937
9207338 5903717
1740514 8827118
9396660 1920050
2066817 6416842
4979490 4586011
9422518 4187796
1905063 9464164
1160565 7609394
4667376 588406
893344 5051087
3160293 5770244
5074839 5594615
9656538 2499453
2576720 2496304
8086649 7137268
8434815 308440
1524542 7416945
1754785 5483549
665304 5463962
2540297 7206108
5028406 1153765
7969326 6339449
5606219 6083544
7206638 8033181
6961978 4834437
3911730 2089686
2955773 4783336
6886528 8694864
6746558 9394021
113746 4277585
6429987 4944779
198856 4680134
3757979 9265869
7197088 2726422
1195997 1494675
1014588 1617858
8048397 6773541
6166312 4068570
6006280 1502514
9444561 6428756
3004588 2838604
1202297 9872119
9879165 8150271
7255664 1572082
5806350 9471339
4988487 6001997
8869847 5698626
9935815 5959379
709749 3315942
5542380 6183424
4988010 7390915
1358747 7712214
9213140 7331544
8637845 7295527
164788 4804670
6902966 7615209
366816 9329405
3935357 8857558
4755937 8553534
6319620 90541
8196777 8708385
3051687 2765349
5429225 2717588
52164 3005899
6600873 8440627
9239782 8274185
513564 1316718
5891698 1304502
8057978 3913009
3941658 6931324
9757791 1188935
6477956 9731274
3526706 9900917
283014 8719067
9163138 3044480
5429636 2861333
4291144 9481052
5589325 7707517
7952997 6905339
1217718 179002
6399786 7551694
3203960 2719888
4877270 9277797
6455657 6525544
8869587 3358329
4301588 7895826
9600411 7791382
5336837 8645622
8844372 3620503
7836463 5268658
7612819 8451486
7988216 3241798
752093 5969691
5998802 9734753
8762748 2252199
3331971 7869092
8874688 1769548
7930154 4911617
1050216 3393792
7230927 5690627
1530659 976728
608150 940283
7476934 8576962
791083 4287145
5756692 8714417
6903649 5543147
6022832 220523
3444647 3570621
1450930 7457223
7741359 5282470
6901529 6061417
1769673 580314
4436864 90875
4359230 9944929
7058622 2409418
2037846 2641623
3455639 9359225
855507 8483572
7472640 4823520
3021103 7692458
787941 2169871
7919596 8877254
3790366 2377160
7292666 8280232
2782539 6457331
249714 8415210
3590689 194509
8319229 1026346
4923369 2154479
561522 7233974
811713 786444
2866540 7014331
1288386 4837532
5288142 6137106
6267555 2654879
7520857 3903143
3036864 2514278
9135296 9615099
2075720 28485
4555097 7111672
3603766 8302229
4665147 1093150
4687742 8748034
3423599 3782693
1260835 3383336
9765656 95357
9146544 3290301
5087986 8185373
1438856 8488067
8347172 7997011
8531241 2363680
4553053 1463083
4077476 7859974
1765261 8379518
4972966 5488125
3282484 4230454
5972225 7661325
8123404 8827483
6231862 8032629
4841658 2590756
5866666 7729700
7280726 2145790
4953448 7033506
6969176 6900800
3720094 6401303
1754217 9262665
344973 8066751
3247138 5458478
6908989 897078
5479534 9292600
2402668 6588929
1676835 5839136
3097648 2522648
7849315 8945872
7057605 6271477
3765832 3102221
3063875 9090206
8582005 7837782
9689491 9142867
3514057 7971520
946746 2519227
2283093 988982
2166904 8361259
5827402 1153748
2667140 9524827
1033128 5571471
3537355 9832320
5460874 2282136
9862885 2062166
4821998 3832828
3979878 3954363
7246143 3572290
6099421 4086700
7021056 2211095
5476487 889063
9094303 2090278
7659147 1240837
3348848 5809496
7978285 1853545
7409563 3045857
5136611 3359460
4484235 1205865
2958454 5710523
3465864 5204469
6437950 6720262
7894355 765845
4974573 303283
2274376 8112146
7794581 2080579
3615809 1225883
4567264 2278386
4562372 2561720
37454 467521
1100109 2645474
3258232 5403512
4016970 7911910
4226945 4386362
2350171 5108032
4757310 4749165
8972438 1582054
6720798 9934469
174154 3581022
1456882 9811348
3795151 54236
712546 6608734
3958602 4859524
7837140 8550486
2091157 9682523
3409805 1609144
9624109 6823524
8164317 152241
8327727 7463057
2849527 743425
9899296 7866390
2866254 1663787
4346748 7311533
3839234 262310
6549585 6351683
7893409 5957850
843196 3555946
8662724 9866357
2616640 4893456
6549789 3991252
6150954 6586027
8538675 6691138
6532144 3032850
6916385 7238127
2454977 3901291
7374891 6964696
309418 4073485
7340874 4039781
7360354 2047181
4141553 3886930
7928703 6747980
7645867 1853334
4645210 3292923
4378711 965106
6977371 4252813
8317174 679663
5162155 6637377
9988389 7160146
3871446 2167784
3032419 6116947
5450046 8485197
3898052 5294787
4808744 5940883
5416222 359834
9744944 7288914
3940943 3500473
7006803 6125573
1155160 9031296
3096726 4730407
4806956 8809543
7844403 2470857
3175432 887381
5510011 2228663
9289866 1809493
6935183 1436390
2050448 544089
2900012 4976857
9514230 4560459
4060955 7329399
553135 6681098
7112861 8393232
4616744 9559930
2084062 7660430
2573106 3367715
3543921 3561074
8011370 5342412
454315 9987119
7699190 2851778
3207280 8332627
3621930 447586
9678171 6396
1822342 4093696
1124180 1595613
9381614 3585832
2948059 1937049
8166204 345770
5777486 7840863
2705313 7320169
8101860 9741207
167751 817952
775401 4994104
1193337 5052426
3206673 3330687
3075124 5794255
6441384 8632899
5637881 170354
9519529 2256766
2242547 9012936
2380062 7447171
9452399 5678125
8277704 794332
4802201 1190646
4773427 6297319
2785685 9807715
3683109 5167944
8308574 1184215
931078 1912433
5762766 2458220
7425587 6354169
4367631 4450639
9213752 3277749
7532472 5114540
6346766 4521704
2455007 1473790
5018425 6274689
1460073 3478643
6983205 7153238
8927711 3227798
3939608 7858444
6862209 2504580
7346952 3628149
9954356 6813987
9003458 5062537
5699904 4846840
9448158 9078841
1822585 9649820
76152 7608259
595562 826917
1270010 699070
9727052 3697538
4394495 8407405
91189 7540497
7941588 8968210
3718769 6308176
8312917 4680586
4114807 582695
5332666 9182182
4725528 2308032
3396887 2849028
4967747 4987875
3803434 831563
1616837 2928475
2233279 7175463
7612111 9594589
1846269 8334000
3680200 84115
5262934 3562089
6663946 531428
1134579 986501
6732047 7236687
4249285 5945221
6712437 7814621
2183140 1236852
309374 4329579
8323586 8806259
6849896 3283
1811702 6431331
2761124 3436226
6208295 8252180
9367512 5312403
5221622 6875519
2377987 9640046
4626931 8684804
467672 633292
7768043 9262725
5682794 119685
4253314 9310198
9158639 78238
2005052 2706049
1075574 3764112
8386475 5049560
2149386 5470300
1135620 1477373
1818864 2905913
5477446 2425574
3232988 9044428
1152903 993201
8306087 7093627
1056294 3221546
3324844 3645400
8187820 7185523
3163497 4275330
2314166 1270179
970555 1841040
7380050 854595
3774325 7179106
3646910 6545197
8549901 5330290
6713874 1737633
8658044 1549216
88309 7035541
8720507 7060555
4255942 9895784
4738486 3783105
2232047 5696895
7828033 6320236
2497197 6295355
6146288 2108072
8916586 8924270
2720671 6796998
3920376 9944240
5911286 8476726
2564267 6918260
338918 6674891
1145169 9763376
1553480 827481
9609220 4692393
4185874 188193
1913708 3728962
519035 7069452
9599085 6385279
6500159 8372242
7689696 9713841
7570704 2844736
4045537 385197
5099350 1651322
4429384 261542
6636493 2523007
7023633 6298411
5678863 176838
2319481 5548772
929177 9088215
6000054 8489518
8331868 1866557
9459329 273489
2129911 8229061
8545778 9495394
892034 9005859
1542271 1817886
3480607 5761473
6153165 9619282
5881877 942625
4486176 5538463
8330135 2839450
1656466 5584800
3582111 5404785
977345 4200114
1695674 899968
2181445 2473944
4129897 7022872
3305200 7759852
7516085 3097408
5628396 6864320
4218067 2371282
6750883 5270884
1833812 8583080
6889168 110643
6338311 9779366
8297726 1863589
3377171 5733967
5986084 4678713
5852911 3242581
990407 5484395
2901367 2862153
699331 4933859
796006 8995273
5417467 1265634
9450849 1371044
1166836 7837877
2890785 6219045
9226944 368145
9063924 506056
866172 5711554
9109924 6628906
7717622 3859931
8680605 8901589
8359072 5418305
1671897 5818973
6636177 5956897
2986213 9379161
7781597 1120799
536346 3468242
3609844 9975217
9070967 1280282
7656162 1481046
3222893 6871936
951398 723035
6277669 6032959
3404367 1148846
450745 5229180
552234 9045865
5980778 8647764
4506553 9268063
3612496 2282793
2173296 6689970
1562987 5685668
7994555 5238541
5787005 8275832
7593568 8866492
9920764 1041894
1787033 1113149
6708969 2056876
6355544 7788592
9480834 8490173
6912961 7465299
2052693 2506449
4788665 3471771
8423861 4636809
4161649 3458653
4409328 9051195
9453956 3716957
7743533 6896972
3942981 7742595
5153019 3511801
7440471 4393455
2243951 8716630
9253323 2641507
5817560 5135109
5510976 6758467
5790555 6350723
2564436 4554493
529476 167756
176274 4216917
7023954 6335132
5510746 6548422
6966030 7851149
6486445 1148101
4455640 8530335
9241590 5691799
5850129 4707953
372897 6720530
4425685 9682029
8919594 6722761
5392179 8180194
2061812 205268
6036137 4566137
4809394 9195808
6652574 4114210
8242998 8700855
7950670 1934348
6097305 5752942
9024677 3388903
1316587 4566888
1098655 9522113
7060612 9232127
9861590 9205971
2756833 3534133
1393972 104797
8756667 8756981
2746884 8579539
1919065 7343998
6598775 7136534
8544697 2655756
6281536 8336451
4674321 5309829
4484428 4344214
1307238 4564977
907209 7484386
3664461 9383821
9802718 8038539
8500533 1046021
702415 2528880
9616636 6478708
6460194 1011387
8996038 770777
3673774 4734766
5333734 7854007
7149486 6913155
8337559 1271601
6426157 8722454
3040955 2640075
6362680 6820694
5245177 7606371
2156855 1784761
3664464 6905860
9372577 1780921
8639046 2667807
7688826 6252780
9008658 2958563
9381967 54694
5339906 7970291
8245645 8808912
1342257 7775446
9056000 1084959
7082345 9098707
6472017 1712924
2924743 191825
5342254 4409482
5357597 3944412
8571446 450214
4539540 3493473
8150877 6965530
6679286 7629339
1191345 2576510
9203127 5835119
2336885 6148783
407805 9368929
7120278 3395212
2245148 6581251
2341515 650711
2590374 8035598
8237817 1714340
3534610 6748287
7884343 2934301
8961776 9293045
2738642 6530762
8015785 2006912
3822093 5746294
9265919 9185664
846024 1140318
9443291 3674550
256698 7082005
1883377 7125206
1232500 2852644
9276537 5974786
7878271 947262
3963880 7696638
5363204 3684703
2286141 7057398
9199206 7642129
5441592 8276104
9254436 5595263
4121630 4373237
3692182 6616747
7790903 449885
4347961 8846065
5085518 924825
9866294 4713161
3688903 4199358
1937443 8683224
6512358 2619663
340666 7647989
6983973 5345420
797535 6059388
4804986 2578608
238648 6567687
8423978 7733610
7239835 4829813
2052517 8606956
6197903 121382
6615544 1558740
2289322 3614543
3332303 1342081
1004763 4532550
7481075 65441
1533527 3057121
7130867 3501679
5091118 8595060
6700662 2258862
7392704 2304052
1964493 3642839
6804863 3815830
4804990 8119276
6304363 7832216
3240044 8052534
8100492 9042762
3098744 1188072
1244607 620623
5922751 4868048
9783747 7140209
3399277 7197027
3890873 7521787
8377074 462600
2060114 7439390
747667 2329302
972985 3261807
973828 5879697
9332530 5482183
391947 7392256
8532593 4612558
5368068 7720353
6304145 6806177
1232303 9349765
6672630 2030250
8808838 2702732
1918177 2429554
4634636 2089972
215988 1352121
111201 2057071
9788499 2332836
7814360 548466
6624781 964152
3360769 7946328
2222658 9944669
5781547 3059932
8701772 4759090
1735325 6569962
4200571 5974219
8187827 3605071
1501529 9625483
4385612 9929544
1242134 8953992
5225274 8693448
7396081 4507100
7149266 1738457
4483296 3660005
3415164 4406692
3719465 271995
5789286 9529286
6735037 1906565
2471044 1263478
9587956 3247734
5749767 3794014
2021629 6199865
4454683 7134702
4465356 9879735
4744701 3317967
4183885 3947027
4538253 8710987
3640863 316531
5369063 8893868
9524165 7852418
6256645 8139234
6210556 5979158
1302261 6370869
2259878 6159814
7302911 2217172
119773 5402535
123093 853387
3651395 9363183
2554738 9205251
7675021 8913726
7635656 3450675
4859914 5526777
2561150 1830853
4373970 1106871
7421089 915526
8725194 9787542
9779893 4642142
9777878 7192094
8906094 9553124
8642313 7366289
5462084 7611369
6931040 4670768
4534376 8138647
8494226 8967828
2977685 162480
6205466 9826351
5053946 4270715
7641625 5038612
2033889 5143178
8496670 590496
2753823 368245
7570832 9825782
6290069 1461695
7488548 2616654
7596787 4378955
416935 9081478
1526591 9046005
5405136 8887225
3788873 7042156
9308161 4878181
118220 3042586
5177990 4467722
6927103 1801527
8494031 2007084
6952093 1214355
512364 3628525
4278211 5627515
3112410 5426834
9268085 818121
4019512 8228616
9826683 2997782
8257314 8373360
929695 9514731
5060965 1076
9126381 9118172
7732812 5325841
4008719 5470826
9094502 3043549
4813559 984455
5137611 1694154
88648 7102162
2860363 382494
9074323 9006787
5860565 3851721
3483372 1326248
7441117 6820284
2513901 2476721
9665313 2946020
1862426 142265
6497568 4313223
7509583 1290994
8421212 6584697
3625569 1493858
4977444 9817153
2579410 7828079
2738770 9197837
1391652 4623364
2026976 1560136
7903040 408796
3155015 8103528
1610228 1211264
7479540 7348523
2748514 5825424
4104677 4379785
1658546 1155030
5209872 7795394
9747158 8206090
9486807 1340800
6734583 4393631
765811 4554345
9965195 4565435
1012466 1229450
3400850 3872866
3335721 6092671
4012426 7439824
9090515 4201558
9632887 4641305
6467899 2463089
6529458 9935443
1930060 6592024
339568 9244522
9422350 5062522
2652937 497163
9902588 9974135
1420586 3517690
2776676 6224978
4305888 3998739
2573313 1079993
2157594 7892295
7227612 1255166
6193889 1142750
1619266 7600219
5613958 642011
9189477 9340393
2828720 5102978
5659493 9792024
8920419 9823769
9988052 4761662
3455397 3746255
1439404 1815250
24380 9362990
4668561 1372399
1418311 6470255
6431599 9474209
7543932 878862
6772085 5785022
4922897 469474
9331662 2497493
4796209 571418
3021486 1527076
3865750 3697889
4144549 8048418
2091237 955168
873800 5758992
8339802 444153
3788881 7345168
4663669 6755470
725045 7139062
6532477 7464303
7302894 4261255
3593575 2836001
5288342 4146250
1040729 2335816
9424042 7095074
2479468 8972210
1477487 7898705
2425078 6777788
6838915 9816738
4050588 5432253
2122358 4961093
2098120 7194493
3172178 4141297
8942031 1777516
5229904 4353987
7211098 3342320
7291916 8378694
521312 9110867
9498701 4703443
6978934 2569164
5629938 5654106
4558118 2960471
6911167 9179057
8268894 2632252
1671667 5992451
3108166 4947493
6850836 3987595
5595447 7786743
4358548 9950915
6970280 580291
8587991 8607132
624437 4822904
5941945 2270847
5814247 9921023
9011197 4439753
9929412 1579566
9467146 4726906
9945688 2316202
7903938 6182691
8525091 8085923
6946933 3258414
8227161 3648957
9978120 3968502
7004014 2838520
2694173 6109011
606929 8618327
2983925 9020126
6242360 9139152
428767 4940322
1822416 7122295
9616099 408551
1602135 2533342
3864863 1266418
661187 5518377
1497425 5675292
2714288 3620319
9671382 2812490
6965581 6025583
3762381 4758902
5365462 8677594
7441883 236044
5432690 5305248
3445442 3526003
9133217 8838501
3673280 7904818
7851139 2100666
5905894 9566653
5056291 3400881
1288405 5665441
8804824 3667886
680623 5454295
9375780 560222
4763433 9609892
133404 109596
9177144 1726705
4490439 1829114
4967638 6613360
5608411 1195918
2409067 7558511
6668897 2405345
4525151 9714831
4107068 2820260
8391170 5782837
8403767 656929
4795318 3312860
2904722 730167
1876440 6333758
8748622 329358
7903530 3128651
1387709 1903365
7835156 1507282
1121057 4108353
7676885 9378191
8634784 1395933
307551 9800506
5513092 1796150
5159861 4841354
1444210 176305
426584 4106884
8197176 9314383
4647636 7754454
7098280 4793070
3374513 8718686
4351355 1277105
3275726 5200832
9621351 2269337
9758105 3479631
7060028 8614041
6438576 2905274
1619088 2102841
2780522 3962666
9045977 6894663
8044277 17731
6437562 3046805
3423982 6946913
267771 1709328
4623162 2055064
2988621 9389153
1619069 1529621
6946940 4927817
7255892 5035438
5768587 5105471
6922883 8741661
5244699 1325051
697055 9915413
3002133 9543606
6338108 4634590
6295142 5396884
9917091 3686909
3811924 5582997
4181331 9500246
7221053 8284798
9620653 9951209
1254338 4116026
8038472 5629747
1939814 415897
2922264 3327694
4944569 8378689
2634731 9087311
9477848 2805308
8372015 2986511
3221501 2804876
5768842 2147404
9931645 9793784
9466515 5836053
7385652 6166159
197344 6571211
6814901 8340931
2281911 1795058
1052495 8093568
4576247 6577112
3286764 838445
7414791 5903212
466384 3200058
3964196 4108125
1746969 9866447
9453162 3115605
2768489 399384
920256 4068497
4747023 7303441
2669554 4421338
2494065 8775092
7532623 5847993
9635610 3577130
8367047 4972818
9083196 2084783
8456368 9163374
2865948 1083285
6845148 8755647
6293654 1517254
760303 9813401
6185007 4474899
2712407 1430822
3821768 4282124
3043064 438252
9827100 6223086
1562007 6186509
541249 4633457
2416255 6415288
9443651 7341494
9736446 4035010
8447633 1994939
5029177 3453968
2487640 5035265
9103771 916480
6191481 7160697
4421278 8203629
6781241 3226702
1287795 7159699
8994788 9912065
6638000 6891742
7740595 5126763
2789695 7731582
4553666 2956200
1828332 4718211
5884401 8224457
2338090 3289138
1528993 8645744
6741310 797796
1371422 8765253
5380489 700210
2071930 1654354
6703383 4084433
5694881 9308551
8816540 4101463
8245671 9248620
2270783 6604890
786150 3312908
8767200 5540616
4087005 813291
1166575 7855386
9325896 711862
1537198 1542113
9364921 3628302
3313066 9871854
1838567 2244125
6594873 7254574
9250545 4501172
5641954 3180974
4447589 6341850
3298669 1616435
5655054 7505571
9032377 9498937
8171047 671429
5144184 8974187
7832122 8690164
1774307 675167
9501232 9454037
4053718 7102824
2277481 4375317
2255873 1734176
1240170 6823709
186911 5724419
1824022 232784
9105405 2833487
6955403 1431755
8907371 5902635
3676313 9036460
6532999 622274
8114315 766479
3650047 7128409
1510849 8934441
8543276 8625891
1768036 9905570
9839955 1615358
7101845 7886897
2308335 3603611
4640661 7747937
2031623 9107742
3049249 1892531
2665726 9129854
1143408 1054338
8800353 608910
9776212 651118
9023924 4590626
9036074 5909440
4487399 3176195
9399513 3192369
3249399 720717
2408406 1951313
4957392 5952720
1989317 7628214
5673641 9318298
1917174 9272137
2962210 1160071
8819225 1315649
8943909 5993988
4406159 2162507
9983623 4383405
6572079 5018941
6505897 792597
5346720 1062965
4594350 826980
7321747 3993183
1233655 5343795
8416216 2858090
3850945 1267410
159576 1531776
6023466 4071010
4358026 2253078
3582739 3480773
5533907 3086342
8678900 3810995
6370747 2429370
4644161 3575243
3580793 7132692
2152776 4261718
1519853 8511611
4758956 224893
1049371 1342989
7812672 9537021
7876307 3391993
1549083 3231507
2859624 4542592
6149666 381738
3099853 5094378
9768215 3752324
9662695 8184219
4904081 4970299
6622519 87311
6721000 2707889
2908355 5368229
901071 4758397
5531952 4129856
4759091 4397005
654569 1479262
1593231 6094952
156503 588702
9246073 3815971
1382211 5691652
4743166 1958328
3679199 1056275
2395200 44202
10897 2533238
7177303 2197944
6734881 8209962
8426059 4765702
5806349 4501731
975350 1605580
4228570 5816801
6244765 1999238
1741117 426462
83347 4394028
838375 6498294
1037571 2601087
7403570 9518645
1885389 5090800
9010912 4103167
2228381 682964
5984769 8966925
3837563 7870248
3906075 2091651
1539975 8665327
4590187 54474
6113935 6777992
7078463 906123
3882373 7726696
2206847 2753229
6388488 5614720
7026785 1131539
1172349 1810239
9427713 714412
6835887 1928779
570139 3234236
3778959 2016757
8383570 4414778
3100304 1727202
1647429 9113135
2995202 9730307
8746469 2042526
9180164 2414284
8574951 4155237
2531996 1302973
1497294 2443295
1549626 3755805
6055235 4630418
155624 3473802
7312223 2633872
610297 1738689
4749593 9377325
7971372 4534763
4652905 6823895
4083634 5947036
3413569 1313244
5143566 5086811
8007190 7424519
4841280 4956626
463670 2607874
3323565 9651778
9023291 5536304
7822926 8227846
5733250 4110964
7193919 6974277
7420593 3759024
1049542 6434277
9200878 7023921
8681055 3115446
5829814 4857402
4184533 8716751
6285690 6982012
4116331 6419723
3458492 1848829
5210860 5959754
3146899 2569608
203612 84385
5058310 3322160
2457831 1139592
8328406 6678247
5931491 3841120
9612204 2784534
8579278 1971672
2676818 6791118
1462476 2597327
7089149 1724985
7187938 9109822
1304775 4299561
2616059 5779450
8925013 3157309
9401195 3153877
2030819 6378678
8877141 5159090
2068351 7036032
2575626 4424258
1918815 9124037
440175 7587458
3668470 1016681
7510917 3247337
1828201 4498931
960044 514694
2895750 1691963
1012380 9332161
1659101 7059985
6248944 4443253
5667722 2590649
8656697 2350227
5097486 5644604
2532917 8247757
8147162 9072006
8858433 4536389
929068 9913500
9462103 7103967
7626263 1403829
7002140 1474069
9868802 3403644
5884265 5569210
4484569 9288112
7037384 2711730
4623360 4217675
2339246 9351707
9404386 9550322
7208562 1020887
8413364 5920742
6059251 1034277
2292726 6692391
3222642 2131961
2655247 1378910
3050135 5525752
5678781 8122333
9035206 9921524
1265967 3603245
1460586 3976908
4374105 5726456
9709193 9784343
2644444 6701918
1022475 8275357
578487 6694605
715131 6386938
7326885 8217624
4442652 2488958
4077168 7609868
6525889 1732345
5972310 3275758
3396004 8524305
802594 7452719
597372 2955549
8478406 9453902
1532584 2782251
9698623 5344895
5080491 6533748
9251260 3708752
3331829 1889278
5393715 2547468
4158463 9643931
1569192 3914446
399534 9152289
327068 9873443
6021989 8160906
1777386 3260328
3968269 3424449
3363040 1291970
7031113 6070156
6610652 7990899
8761 595692
6507699 628265
6519122 1864590
8944834 1317832
1365103 7117663
6547219 2954737
2494659 7899859
6842243 965884
9675503 4707606
4451546 8813130
5816042 7156367
6887235 8272160
8828846 177273
8448809 6843679
4289169 1873658
9832168 3585552
5589460 8956026
4056077 7039970
9533667 6116396
8486976 5547878
3649030 4067668
9204303 466327
9517710 9867057
4866244 5898066
9268223 1256640
3391946 2123516
7722164 9016501
2172612 7443406
758712 8601180
4155126 5717520
8481440 2068995
885248 8487869
3209022 6117918
8647252 6892242
3786677 617944
2798375 8195706
2994277 787700
1994827 7790585
646204 6374402
6581928 6868768
4176112 3452160
2433103 4720376
2510232 7750759
3922342 5547630
3003910 6996307
1338790 8110618
8994443 1395278
6306838 158491
4619054 8904688
8859078 2861345
7590308 5588475
590138 6746840
8430636 6201576
726431 8736017
8911121 8678946
7979911 2976147
6682048 7430077
2058150 2918280
693968 6733122
3500998 4453680
2679216 3756485
6399099 9663545
3800889 2861060
6013003 6134824
9302088 5856363
8512329 2574852
5748576 5058575
2098995 2588728
444295 3369219
3579170 5853906
4945354 1784804
7742772 7807917
6246743 2291212
3762352 7091983
2499939 8402066
4925014 6544644
8052619 1398543
1821107 7506334
5645558 7112321
8763679 7699725
5653956 7798535
1060378 5724373
7526070 1778572
6219373 151334
4224839 4300198
3690285 167672
6143146 1082017
9900456 4750688
5613911 6722308
1614974 7683961
7420250 3915842
8616631 7189130
1536586 646113
7445199 2549739
5651015 842819
6716610 5688443
658695 5649534
3873753 9679117
6477486 4146342
3417243 2282038
9447167 8724920
3898336 9278875
8061205 8827456
4783184 5892222
7838946 2310190
3259627 1954994
1859295 163018
7489656 9999230
9791229 8218474
2098271 7598509
8716095 6045209
42188 2459696
3443524 8700053
3630097 4216161
6565134 3215923
8088606 2893909
6051431 8757950
6746879 90355
7069416 9924846
8518418 9799997
4494787 7691374
8890766 7483422
4523029 7012708
5654479 7786001
445625 3424951
7309443 6507765
5586198 3541377
4578692 2486022
5616823 2175307
2291404 527483
4531992 5617262
2237994 1952033
8715332 2631911
7040570 7286036
9302465 3491434
3524090 8580107
4947219 2684859
1120542 1076229
4904441 3570729
3651886 3601217
598453 5582251
10694 6101626
3849789 5428268
6765227 5424348
819125 8079706
400744 6668445
7021519 862497
727630 3087140
2189209 4390460
3398284 7234202
668031 3019197
8999522 2096510
1647221 8990354
648716 377383
8409150 3970220
7383254 1497644
2947973 8152407
3369634 7108279
4899395 4829701
4266421 2898329
6273853 9867434
3234134 5708866
9604132 4029205
9216496 3681484
9843042 6963057
4042986 5905113
5783579 3185714
7963724 3493953
5793389 619474
6163544 761392
9242016 163387
5267963 1701852
7802777 2735578
581049 1716946
7071424 824853
1226482 8515695
8527379 9515172
5902354 7866245
6172077 8796449
4255990 2731339
1641780 2928517
3990980 1063805
7157115 137707
7347338 4013667
5898623 1364844
1827014 4888444
1574859 9992474
9355669 2350011
2167286 7306337
4213488 433522
831472 6448627
7528418 4970765
5062052 7162696
2938196 4438168
4855885 8670385
7911693 2609743
1558750 9139909
9109290 23262
2854970 5576681
3979966 6814386
8001624 9435763
4213678 6705536
3247556 9794418
9992291 480347
2036935 7670572
3302271 8670539
7995252 4948812
4856628 8635439
3778339 3414761
5509199 3161234
8146221 4307515
6180505 9684978
2546996 5000772
478988 5970517
62765 9531374
535629 9804077
4058143 7511304
9164427 7666050
689894 8758763
2674614 1211802
447713 4050626
6846805 7982392
9298967 2173095
9110658 6539529
628068 2419139
338776 1856471
7808787 8694029
1002694 1993971
3744371 5772951
7421178 5865460
7136423 7882730
5558978 7442440
6383065 6119854
4058410 2536155
293218 8705320
9889071 5964351
6252958 5285723
3235992 7442111
2933530 3516013
9789698 6122919
2491108 3231412
2095000 8303003
8469130 5227655
6374463 1222897
4554590 791846
8743487 5840905
811076 9241072
259243 2024607
1914540 1903798
4041251 6936908
8041226 1127397
3033995 654354
6390952 5525501
1636206 5923191
7193124 9606586
619501 1368521
6412630 8432566
7792772 1557426
5056630 5650334
1973854 6815322
6905593 7864507
4380968 8368906
4322304 2024377
4595022 458939
6190855 4146000
7781918 6886100
9233768 6612660
2365529 8026150
1635635 7656973
8252476 3796408
5304433 9679909
7378262 9547887
2438966 5180541
5468791 504128
1304440 3056665
7899109 6040017
5191600 4909605
819693 4991285
3008036 3242301
1509992 6048758
5101295 2106935
1163843 5017602
307596 929602
1574456 1296505
7827353 8934558
9830162 9621775
1942837 6685019
1081135 6023765
7810592 9081870
4423192 61517
8382199 1858050
7566897 9345762
6607144 3899714
1597266 3703093
1095123 1168951
3449377 161489
6417650 456188
2345705 8816144
7191480 1187018
8266859 2880110
5058128 306614
432948 707646
3208809 8728019
5462954 9136784
7667229 7229740
4309506 4190193
3443007 7744782
6729482 5243413
4160476 5333707
3149534 3244161
2691657 9564559
6744401 2979184
5114562 9646766
3145590 559765
3825978 7366594
3893575 5883122
7947808 7180181
7503753 7039034
9097516 7070006
7938204 9685606
4505744 7647301
6249138 9195985
2801177 3356683
1280923 9969186
5761265 3510187
1098603 6788771
7066819 1116998
9603536 7226840
6380610 8777362
9600432 3023648
3032441 781638
2284764 6782459
3261063 4901744
6513594 5666275
337258 7881447
9692509 1917372
7639814 5625982
8200384 6389095
3744680 8757005
204150 7442830
3749430 4771451
7195823 4543654
8883092 3858392
6286117 2788399
7313387 2189496
5221476 9869479
3051874 9959675
1096986 6726370
4556023 7356563
4511136 1833662
5713660 6786911
105445 3452751
3091002 3457761
8625432 1487412
5792776 726216
5563625 5071459
6138855 6287666
1316931 9609582
515608 998680
1524137 4937915
2308535 5682679
8241569 6819701
9850060 8689625
9234385 8140203
7636887 6779025
8701036 138069
7239069 8736842
8061996 3894957
6515856 3625514
1505010 1240965
7264685 1763422
8455697 3799974
4546232 1253789
7599091 3046351
5801316 830887
6776804 3539798
1883961 3771779
9980333 1472542
6860891 3754871
4494448 681346
2420460 2641274
6522609 2389890
8020353 1291535
5100665 2128476
7370124 8153329
7485773 8775756
2308660 1465654
8506030 1052775
6343806 2110908
5110910 5230733
9479183 6934524
355678 9424066
2221706 811269
4516702 697178
668608 9255186
2327221 284480
6244037 9600384
9197554 7146631
4706925 3852134
1873369 3603247
2088939 1900148
8297235 6076483
4165600 2148994
4553180 8806103
3195612 8987710
3729810 7144096
4415917 8079152
4532751 9358905
1382605 3618673
1085797 3524458
9267453 2766633
5343934 8435807
6034430 4088244
1028830 7852238
4183083 6632181
1722516 2495645
4177192 1471258
2272546 7549381
5868810 6088231
8033130 9767276
7765326 3270823
8930233 6070400
2528427 1842651
9240746 4027185
6656398 4910102
1288654 2107744
8600657 8327901
3555020 2143181
5024583 1102289
4261250 9837838
7791154 3025841
3420034 5377884
4130375 9616841
2791306 861749
9720133 4146416
8450213 7786344
4933785 4760068
4225756 8228842
3172348 1546268
5987464 2856865
432146 6030421
6609081 2733697
5378101 7710785
7538498 3984224
7480329 700157
6715110 6307355
8620011 2081141
1878667 2274791
1847601 6053077
4803825 1567165
5431025 2381269
6496237 6564058
3532956 1088133
7006571 882192
9152664 7468523
1059929 692421
8913619 1967873
399378 7369637
2136255 5851806
6549322 1137286
6137655 728028
1977410 4087324
7247424 9500375
7987254 2384174
2059633 7675656
5143046 2734152
4250982 8745040
9061970 5034745
7833035 2616265
2680966 3266955
2887135 1368618
6106141 8211969
5694683 4007763
1797036 3242929
4949822 630304
9848234 7091802
1492782 3940447
6268306 7425459
5820076 4068331
146581 9688665
2481747 6126383
4579868 5621826
4728641 9293483
1723732 4481799
5204415 9674977
612876 7663496
6310258 1515830
2759476 6945349
9954526 4347907
615440 8007551
9110838 9371038
5668787 5843644
1207877 7811546
8976337 8641311
3823108 4476974
5305006 4578636
4325075 3163281
7604608 356739
3056373 5967550
855075 2074739
6646615 8845501
3617803 3324777
7960264 9707266
8682141 7719905
1641947 8125340
3346138 151257
7261600 8269153
1709433 1221599
2855788 2164500
8275704 3409580
4002402 2037128
4066602 8242003
133606 8833419
7472970 3525483
2593830 5930514
7851386 7294969
1340063 2641416
9147349 9665464
9139326 1427135
1455754 8895193
8997102 5773986
1957270 4392089
3647095 3253156
626660 8102425
6573879 8708614
7400251 5135318
6732429 5032160
5015008 600146
4314947 2925104
6260146 2316094
78289 5401234
1009106 3081405
2324507 25206
472083 7030239
3412938 6432588
2456093 1216665
1100303 5266303
804912 8848741
275763 8758896
8774092 1741529
9237495 7107715
6010074 9406846
7956790 7804835
6674414 4247485
5867719 9787306
8763915 7112048
2546221 1315648
1111375 8473530
3754436 4173864
8166937 4458836
575306 4367183
1360183 9960554
806579 2917720
9329547 9721988
7570737 4830916
7044900 8556127
9630679 9926276
3604917 6584130
2582875 6918152
5419986 585517
8177817 5908121
3548371 1065206
1250862 6895061
1200025 3400715
1660921 302062
7821998 8106958
3384594 3695584
5766039 1394550
8029029 7491760
7936609 754969
6481796 2734101
2302949 2749935
9692187 1328737
3621971 2020571
1564395 4991960
5539329 7415336
9070117 4718
4618392 3070638
9331161 3213635
5345140 2777629
927919 9739267
1835556 5676897
3955708 2341756
2766583 6294018
4807085 3821021
2679700 8940626
5323012 2559259
8532919 8292797
7079792 3917213
1412158 8880685
510186 2851046
1462575 1814243
7116763 7038309
905103 5676457
1837241 7374490
8695503 1812021
837164 5920880
3385145 6874792
2982638 1313395
7709997 7991147
9644431 627115
3047213 9538110
6692438 4049085
9259506 9329286
181112 2539796
2545180 7972625
9407873 1382731
5291884 8438803
5100264 3813029
4170184 7840112
838990 7666246
7284259 2276783
2899615 3134052
6805958 9437669
2391028 8429372
9642083 7022359
5702508 952079
6831603 9204169
4173912 4063255
5876494 6514920
53274 3933555
5777814 6472173
7199843 8560606
7510840 9998462
1930543 5336971
5518306 4575753
6072544 9414829
3698036 991127
1039589 7284660
7371591 7103927
7905856 1625904
1737855 1922752
6011656 6303913
4078304 6135499
9203577 2134459
9342614 5375172
5637991 3324050
7172340 2378319
9895304 5028453
1988766 2446842
5086836 9611290
3848159 544110
6120736 887758
267538 7727054
4169368 8529568
6975763 6204730
5285164 8525675
9246385 6539844
2810833 8115384
1862506 6798608
8599238 9078154
1908823 575115
7086753 9616512
4811769 9503385
1726572 6895281
2894831 3900738
1290452 1651271
8388269 631197
9637173 5807447
9121873 7954074
8623159 5084007
7350872 1604523
6110468 9985519
7230031 4638805
4284213 1895724
6384842 4637476
4760653 1927063
3862513 4572567
7998347 781094
684118 1747461
3436548 7679596
6040367 97101
8537942 1664010
8619197 570128
4340740 9266737
2923016 6896605
6338282 9782749
3977104 2348996
5274942 6136887
8687519 9919666
1188671 7668203
6469376 3478591
461457 3930256
3228776 9331178
3429410 4526459
4782648 8492938
6418504 7669550
7520350 2028261
4044527 3337822
6684951 2364806
8055532 9226063
9468981 9740653
8653950 5075703
4147044 7445586
9255660 3180505
2111623 7244911
8270684 7614734
2190124 1948670
5731431 7361737
8332588 2581586
523121 8104252
6976105 8528340
8206034 4514830
9076784 6749869
4961417 6957095
280103 7179690
8822169 483369
7024958 4677124
8123622 2249205
5477452 2798165
1913073 8666126
948841 7312759
5637406 1865440
2693606 5219711
4175737 4185547
8963612 5864961
6178620 6319137
9414341 7420642
4786940 5401293
4842780 9063165
9169498 2669127
1863244 2600418
973871 1978153
9460396 510136
3524254 2153190
4844944 7237590
288602 842721
5448958 5162416
5237191 6747135
5514129 7609055
307657 7704290
9615914 8591290
6514663 829057
3781898 6570894
2912041 6231967
202268 3024373
7060541 5260747
2363916 6802049
8845947 3159565
746710 3020859
9420638 80267
256215 7822887
7732125 3135927
8520029 2430553
9517619 3031899
7560534 3839795
6853915 5625221
3864204 3335876
2111191 320269
3893982 1056143
3398658 3971615
5054150 4781637
1137943 3209065
6501105 1490271
2766288 7042217
3018486 1980964
3902371 3879116
4549911 678142
5693357 1103999
891740 5225314
5335289 3409369
4258653 1127905
3455542 3977836
3420523 720401
9429791 9143368
9329495 8035289
7552689 7505029
1145655 8402249
6876931 3662105
7004012 5908864
9071242 1182378
2161398 6996783
4975249 7044196
4988806 2286225
2495811 6150506
2981173 1014976
3985461 926545
8717502 5558807
7458458 2938685
2542431 9139912
3884955 4344367
5994423 5258080
7054636 2326547
1553918 831481
7512237 9438323
6309868 465268
4562350 6917335
7855135 6521760
6594890 7680295
6329889 6275998
8729601 7892031
3425337 7271453
1287455 881106
8099201 3832728
3523499 4043693
5191243 137973
6810596 3003389
1094511 9625501
880315 5114330
1980337 9157129
2889561 6222754
3331251 2501980
6017327 8869298
3584277 9906179
6056756 7402710
2021183 8515271
2972242 6235595
8729644 6553110
3559748 6471025
9145033 7755603
3369821 8797367
4408641 7957244
2661229 7720831
8081978 8627942
1046069 59437
9994202 4579478
4106568 924458
8327255 3605022
6360333 4253644
9612984 1351200
6334038 2674257
4920462 9456246
5203498 9266630
5276638 3718659
1377559 5191193
9257228 5313774
1090493 3120717
5955335 5085193
1901162 2561544
4679170 2085692
2962566 8139321
9024018 9229314
7402829 1610392
7804278 8395951
5754181 9989743
2862780 1168351
5513500 2118347
38748 1095858
4495502 9421095
1311726 1151725
5990808 3218779
4672136 4960204
9029231 8056303
3872518 6999116
9606360 2638333
6319917 3013019
6078334 6001957
4186825 7349470
8476229 7964488
3731086 8071023
2049926 1799963
7291976 4835244
1598095 6159589
7888987 3055991
26201 9243970
5451894 8835290
3013123 7995646
9056106 4967653
143257 456878
7085006 6376197
6835082 7596546
5898860 752908
6502706 3016071
1020135 706603
2875907 8108661
5095479 4508343
6058376 9103236
8256181 8280027
5323570 3616750
5598429 505449
4034975 9227569
9514092 2143668
7872625 3804135
8757529 5061905
6109261 6172630
7382142 9394529
7468656 9820666
3462603 1405365
8470573 4093127
8111780 671775
886083 4118588
1216611 4253145
8920736 1957688
9292555 8473525
5598870 5795819
5757115 2531476
1862781 5921429
7737673 717041
1440766 767278
2550047 9863916
5981934 1483442
4301224 6337874
6048467 7140342
9123746 3706412
1554347 8889474
1253935 3178764
7354489 2653592
7246080 161371
6254552 3998154
7777622 2349604
3896605 1641144
2939192 1451132
6693802 7120345
132213 9919083
8454336 1924266
8600514 9475210
4646397 9197395
6986846 8632233
3131037 1553189
7056276 9375867
6157792 4715772
7119145 6299393
8743962 5665102
4713552 8866027
9437883 1836508
8760854 6411853
2234277 6494432
1708398 2203225
1565250 8941539
7047451 7883057
8443693 5433900
6248300 4035143
6446637 4088216
8609081 6104443
1829617 8199660
7462975 4518412
6602441 7948728
8731254 7246861
9211425 6671806
2155929 4619311
9350906 3473599
3569942 9106909
2876854 6064003
3076215 6372931
3859205 1950295
6133245 9464034
6792768 8506655
1615554 4369835
874818 2927250
4616077 7453218
7511544 7221938
7977257 6096710
2922097 5948859
9249046 9725562
2528770 428863
8728148 6520662
6455727 9700122
7594820 4230227
994530 36715
4864028 5843670
3255240 5132550
5508841 8463516
3665390 1993528
7133711 2439402
2719912 4747784
5609370 9434768
2898800 3536480
5187083 1523052
1963157 3616056
9435745 8092583
742542 5728337
3272744 2863612
4721077 6751385
9534462 5442206
9357691 6570005
21797 8083367
6637379 8463972
8967152 1044610
2148553 3117706
9441134 225777
506684 3175355
9131795 9016528
7734196 349138
4200541 8823360
549796 2353508
9906166 9888904
994872 4466473
7158755 4182868
6885852 8184018
6879317 6213020
9764757 9432900
2541498 2050672
2209612 9695184
8173234 2168040
8577731 9379338
4533454 732830
2461477 5876467
2209450 5902661
1262480 4717815
9455286 9548297
525554 3761955
3643447 6487345
8525708 9649367
8339035 9840792
1556169 8757923
6379336 3231920
6671502 1127461
4910818 461851
1625397 1181731
2924031 3681998
974296 6392868
839745 5949351
3601887 72003
5595757 8270033
846121 4425315
6283592 8947663
7326271 7914304
3193138 969614
7166734 1455410
4275705 6046731
9265287 5826604
2764681 9360293
2162572 8135483
7039362 2124478
8255489 9276992
2665766 335444
8838103 2098995
800453 18458
6887803 8073856
2363065 9485991
5928094 669159
8722353 1188150
7781452 6251187
3229616 6005871
6670995 1281719
4862085 9179417
3155759 7014930
9156466 1394477
7358570 1101228
1677763 899771
8550232 484824
9533421 2314230
929036 4080179
1948098 276245
6413368 5464717
7202781 663903
9110004 9095299
4110150 9766162
6537936 1338229
8310252 1945964
5806770 7505818
5702327 5172783
347915 7888700
2535041 807251
1916573 9350840
4101735 2912216
4923335 5050178
4398390 4143624
5971359 3040505
7229770 8310634
4255346 5358179
4734079 5215525
8869633 8211098
6339471 5832963
953676 8956318
6949704 4877817
7641776 4492410
2466919 1661931
8803413 6190676
9028452 9521975
7521456 3402828
3109966 7263831
4343065 946219
1188850 5726343
2788741 1175013
5879196 2606963
4687230 9053529
5895321 1237621
8187643 1828757
6347036 4116458
508634 4129945
9706254 6692019
1405116 630303
2658540 137798
3105416 4365175
7888319 3147261
8537503 729204
4219134 5659723
3999855 7957671
9161324 4550745
9479337 2699478
4502883 2495223
5044487 8317796
3417781 7209071
4876489 4525756
651100 5766205
1703656 5333163
2457107 855736
5279858 2484430
1414419 5083828
1977437 3984187
5494260 708937
5741030 4675267
5840237 8633295
4279247 8553429
5523190 5890579
9956075 2708609
4199580 5498218
8728185 7111152
9454657 7020807
6652144 6838890
7263600 2234425
2737922 7582347
7992703 4258182
1447858 6823807
8110692 3569210
5918311 6325804
71249 9349515
4063166 1101842
925068 3138121
8778159 3549438
9639630 7055738
2673031 4101906
7785607 2241075
7544717 5287888
4982429 603461
131099 1193539
4476889 6117399
7003918 1658226
8457938 6085871
4509945 9083977
2498923 5921166
1415602 1128758
4813344 8996552
3484658 7476169
8310832 1175440
878347 841833
4961605 277836
9022174 4201868
57528 4093284
133218 910144
4186395 2833974
3853034 8629937
3037876 8649453
5628186 7028128
135332 4680269
1936954 9732805
7277304 5776093
9840067 7729003
9472215 2149366
3907766 8204242
2911342 909116
9381449 4086351
6263643 8677319
3724684 5936103
9643566 8600508
2572272 6752086
9570041 3420116
9189490 8399273
2558628 9261377
6717122 8836112
7021900 212282
1148786 6927638
6211726 7743644
6485861 9092234
863963 8876522
9748375 7380724
2826253 9661441
8233323 9513307
7125652 5468225
7486271 712532
9137722 2966583
3122675 9168043
3317657 4389012
4114538 9742709
1579708 4982285
8366112 7186419
7236023 825740
4521907 4044041
3378138 2368602
3510836 4337429
5118203 8434225
181576 4987889
9465779 1539467
4884628 9126042
9775448 9099780
9797557 2750843
5269437 9913898
2743196 829630
9738637 6787679
4372686 6194757
1924379 668987
9938306 1707416
2432461 7946226
287023 4603413
3198916 5496602
745892 4480497
6215093 2487761
36718 2446458
6642702 564127
4490909 7751387
79394 4380771
1885481 3356867
6484697 9448979
9648866 878553
7189174 2328299
6898470 9315533
8148210 4359266
1564463 2251772
3047294 2711999
5199754 4927532
7515968 3322170
3870646 5800473
6550811 5508568
3554891 3753262
5099076 6250007
7483601 1431935
2287688 892158
6685544 4931637
7099830 8565955
80446 8471340
9401731 3231130
8680375 2776248
1075233 6497365
1904404 5147594
2531370 6401041
7085470 778059
4014686 2709089
3216853 3329053
8438318 393352
9043617 3956837
9352590 4314284
3512196 7421934
5433248 3148381
9977860 5654144
2137122 8241202
9837087 2920272
1029790 2338578
896652 1011886
1760296 2392902
4624192 4797027
2988224 3644999
1618097 2607200
928777 5706867
9295054 3302703
1605238 7462483
896435 4356169
1730291 3701415
4085458 170595
4491979 7917680
5544271 3786681
9066107 8572193
1483505 3351085
1591085 9241117
9551330 5814536
3313519 7884908
4489791 1422774
6099474 4276385
7001482 9385999
7959435 6123000
1654307 7525857
4307067 4850212
6692078 4472432
6050829 5567146
8072128 1422787
1880560 5289459
8204813 400044
655559 8393702
5332948 136446
3554137 572566
1282035 64574
3752789 3784543
9795417 6457584
9552718 9021627
3986970 5084527
867990 5421956
993226 5235051
220180 9946447
1327965 3406218
5349038 7842466
1350837 8072073
8645713 3014130
575557 5672240
4855100 5067587
7578165 585651
292602 7292625
2339113 2342763
2556383 1442403
4618235 8144273
8907069 7227577
9475904 7336249
6990319 7509363
2151455 3566646
9069295 6407363
3039124 9176688
1185135 5262320
7601350 6019690
4961696 6903805
4139563 5121246
6313746 4544126
656375 5179470
9884568 7323578
2392712 7014284
5809861 8699580
6286216 4010192
9635926 6371623
5266836 8674332
4217198 2301917
3263788 8407797
942470 1385702
8517000 5332705
3863324 6881975
2114914 530434
9524670 5970556
564111 7702961
2355471 7932721
8090890 3863512
7892639 8279553
6960938 5237128
532283 2379850
3787661 9180166
1584519 1498250
1465834 4558981
5988554 9275326
5473235 1644578
3463482 7061871
2607371 2225195
5539469 5032546
4666737 71404
8846039 7156407
181102 2745657
9703174 8330851
1691407 9802648
6011950 8368442
8013805 8320760
4632321 5677422
4964828 3388614
9833262 1298016
179147 6426948
2255337 7886590
7279384 7140302
4308903 4630570
2311076 6242399
6017086 2398827
3917559 4161348
9356699 9258922
3827307 6005688
5886438 4045155
2496101 8373028
4502410 4799845
4345529 7511619
7310794 2783350
3498175 2025325
1654664 6449594
6583506 8268392
5624025 8930401
3563729 9323139
7231132 1818380
5394684 3322539
4959598 8321793
9008761 3665335
5217613 406390
2359262 735848
965020 1790019
213204 9746044
4032183 4120722
6471716 6400802
8250592 2423895
695426 7277218
6935985 6911805
1979216 5141254
2097623 7870500
1552088 2579993
7486387 2426475
4557533 6804239
6661274 1183256
8847234 2665917
8759815 6664393
7429243 7650921
4558520 1205038
8705265 7889501
6806049 9303609
81632 4696017
9999373 8131282
802059 8984814
6408861 8725059
6106236 8104141
4984243 1902073
2441816 7510284
6574994 8306516
1831106 780699
8706442 7131112
7409510 1863765
2390063 1730553
8858331 2146668
8932146 6601872
240266 6705967
5833772 740270
5035525 6097379
3066874 6059221
11644 7367289
3279360 7451342
796230 6619282
5213400 8000722
8859798 2845106
363938 6165111
332871 2748666
8916162 335729
4412822 6107572
5835722 7016608
7168754 3151117
1013065 2365885
3567102 3106857
612543 2537122
9478917 7027633
7400691 718390
1582345 8968518
9220497 1953424
9248862 1122044
7620688 3201781
8931001 7796234
9659199 7303905
1594625 9730160
6716458 6536291
1019648 8857465
1783888 1582592
1437198 416379
9569895 2891661
3805890 9300820
4843319 8111827
4381162 4022290
6914799 7931439
6526796 4641813
376493 7513063
8402457 8523556
8414625 9608948
5841193 9168754
2160240 4101156
2088011 3192386
2027661 6624298
2025107 6376549
3805524 8062820
8404301 5378010
9116378 9758376
4967008 2131267
1302769 7070215
8635303 4635747
2315483 4083562
2914411 4733000
4664416 2567802
7407074 7395869
5706584 1706437
8875770 729707
8926467 815858
9493241 4540960
128645 2487990
5313660 5098100
2127384 2946227
2264706 6456516
1570307 8479482
6952211 551931
1397130 2544584
1847029 6484211
838800 7282814
2442993 747496
269338 1200944
6485053 2899976
8793301 2890898
5656525 1643984
6970914 3605629
655880 1701169
4879772 5895251
9814737 7910765
6474806 8634835
7068554 4713710
2290961 6074936
2592592 5750147
74257 5304768
7880706 6011747
4932820 7965158
2227967 3370548
8572551 5876791
18715 3753977
2389980 7070454
8586069 3945953
3736590 3923907
5368463 4596134
8783383 3966910
6855517 5051820
4747839 2268447
3510631 5529399
5164550 9284676
3835597 5072900
4614773 9779297
9682925 102983
2563711 9726948
6960172 8437330
9977062 5958838
2694855 1788991
1919748 9067429
678899 1414488
7884855 3024458
6854490 1339454
588473 450953
4842165 67179
8610739 8030599
297579 8520557
4851692 5153463
1504660 1978086
8178885 8224273
7808375 8236238
5180363 104591
4786448 9016346
1511112 2401389
8090749 4367899
5543898 4081531
289301 8255083
624381 8327576
5241810 4137322
2267416 9093229
1183812 3720991
3917302 2810551
1317674 3004164
964813 1415850
6210697 4079172
5323858 282647
3747962 5919804
8569498 4054847
949119 3306849
5979894 8817172
1400457 2975768
6389694 2404048
3785145 6377358
737983 3838264
1272358 3792761
9765722 7595187
8986122 3774383
8251403 7579715
2079523 2788925
4485127 8011931
1165906 1555411
5379528 4087883
3003237 4358907
4835858 4601856
8179578 8968879
3989953 1936055
5297952 1809407
3109112 6397820
8618995 5065782
7434539 516434
1886258 2601236
1697532 976353
9233235 6914864
9559971 836423
5253450 3976584
3234387 6850900
4432725 2087486
6538983 101441
2067708 9760208
6999761 6288046
5106032 8432171
5495148 1693478
9968482 6900151
2157896 1855699
1667113 4149058
3030027 4266918
2316570 3856331
9948678 8262121
5744576 5897373
8801451 8688579
9531823 4702016
5215064 8784244
9587318 8431330
4361122 7938772
5398944 5994962
9328004 4828577
3624858 5727677
1799410 380150
4447977 6331861
4055422 540465
7084477 5211587
2636360 6964728
6951895 8200153
944932 5875770
8045132 1848808
1633513 5147816
4143479 9494958
6447260 6923358
9922799 6597074
4855347 3678090
254404 7043759
2602498 835666
4366122 3394355
591806 4105473
367951 2924369
1591741 5568810
3200603 2593365
4735902 5747460
3377256 3363354
5855758 9706776
5096047 7561289
9639049 2120320
2770557 8848409
1073721 3985808
7769278 7709331
5044540 7846319
4107812 1487531
8816845 9233439
2705362 8315647
929753 1967476
7630159 8975338
4584274 4379655
4863425 6096287
8186676 8284726
4849786 2325188
1514399 235270
7264030 707273
280373 614944
3347345 3279674
955728 8228549
7310615 1891361
3369366 8360489
884037 1536391
4917571 7696261
3893878 1214489
6827851 5268960
4196409 1407805
6338357 940646
883029 8732682
9064804 2751498
2472268 1366780
5131276 8817810
2090732 8114100
4292811 3606793
8809855 9880244
9901077 2048245
3956492 2854431
4304073 5150273
6931818 2460883
750605 6994381
8137004 8995642
6193564 8764459
3123858 5393213
4211450 8389360
9447530 8717873
7872028 2017472
1457890 7587029
2785349 8728739
9236193 2033805
1055396 1955277
7472024 1824940
1324712 2265308
8202831 9501453
2405592 2973259
5111407 6621642
4992819 5811757
86354 3376537
7948428 5011359
1710453 6072307
9164249 2056418
5952773 951325
1682925 480201
509316 5370321
3808758 6824677
1283778 5957901
6388204 12394
1659856 6451514
5395456 5370738
4595803 5086797
6137705 3441316
6987592 3199356
3455921 6204571
276955 5213268
3472462 9966026
3486903 2657870
4773625 6320582
1644673 4432166
4180551 3523287
9795875 8961516
4611655 6260888
3899782 6348316
8442779 3911551
295149 5127061
3500455 9513123
6907617 5199632
1577626 5191714
5597718 5895427
4560822 6622897
6541540 6739960
5173663 6224430
6337138 2906639
9833603 2112450
2573814 6409055
9974990 9097935
8198722 8486723
3780251 6450716
3047969 633492
716345 867639
4200821 7434250
7475435 2079539
1931952 2298833
9067032 2420634
1890604 8046293
5902112 6526489
6005072 1141575
3357975 6737586
1003320 8855205
5523032 8912593
9022849 3792120
3344801 4584770
1101301 860394
3886435 357561
7791292 8109228
2065465 1219192
2088475 3501720
600525 2941714
6863636 9384374
6793355 9353577
7971927 3209110
6267385 9315609
1196347 2905621
5272090 9182757
2092837 4194377
2622593 5105226
1968928 3098403
4125385 8536602
6450637 4416156
9691747 7348476
6186818 4588054
3786181 3179777
1046756 7260920
2579421 9315980
7220737 9216443
1459627 12461
4872890 2990051
849322 6583
2577034 4113349
3339504 8196233
5409043 8768083
2675257 9840431
6510065 8971057
6815198 9829821
4264737 8509078
3101039 8799099
6411575 7736175
7989619 4166018
2469834 6946205
8432542 1841722
719464 7734929
61791 1494244
141913 1860299
6182579 9489082
1870724 8937048
9296544 2605521
2675680 7411434
1561019 2472223
2731852 8017193
7144052 8594450
3391701 139251
676307 9563687
5614631 1797374
1963931 2422639
8745399 9150512
5997922 668086
8212960 5853904
1458097 3107393
3924336 7622607
1125763 1952658
1325677 6299566
552731 816297
1718691 4657047
6970730 9613498
6104732 6231816
3413231 3131372
925754 4452496
589451 5183965
2347847 4062251
4458103 6410316
6159431 6164265
1858715 567646
6201397 1900283
9101855 7635540
8055668 7328623
2564588 9850159
6395185 4734906
1016242 4721873
8042077 4794785
5166199 4334060
1699381 3904513
9114011 886089
2411866 5070576
5653510 1441175
7171038 5919776
1851790 5595613
1777937 8999291
96222 3039728
5949312 1165894
3396890 4043504
3584624 1093822
5441048 4686549
8281221 2817564
8281074 4042613
4126693 5071957
3195790 6214449
4127027 3073686
8701379 9462776
9664460 9822808
3306897 6754703
9517081 7446815
8833463 3911934
2605161 845658
790279 8441354
3397940 2031451
5866610 8033491
9817168 5679577
1681952 8379528
2837108 4671526
52754 405769
5730627 8237542
9218539 3730025
7176283 9198143
3128176 7785705
1619065 6530148
8105172 2819696
4511878 5456380
3915511 6461231
8725951 2519771
44097 9003006
8527789 4739007
9969330 3923796
4200349 4376695
2671532 7788616
6144858 8488709
1571153 4571758
4919244 4209637
6389953 5971656
2448708 8352789
9054942 4958352
6515143 7117755
3550431 1645405
310675 2420912
3727926 9885816
6383088 7486242
4294462 2468182
7873344 3847485
7893851 2915723
842034 7979785
6149408 1936337
8840124 8458623
561442 9357590
1996414 5521746
6381254 2985370
6616314 632432
9352565 913897
6157941 2121925
8082669 7603664
3227032 8159235
454548 9206422
2207359 7548459
2801664 6799293
6770952 7690451
5193682 635804
558483 2170207
5322323 9120392
638949 3980832
5966506 1604370
7951079 4696360
8430696 6836200
69985 5886747
4110781 5983336
9770392 1794636
5529532 4375680
410447 9445016
6641136 716379
7163652 9914536
4003316 8900103
347673 7530461
1432537 4038292
3912269 6297708
1965894 7993891
2486089 3421792
7517673 5099927
8215327 7248783
2141476 7029924
2192422 6757131
782525 18249
8090406 754762
7712270 169153
7062686 4059559
6256060 1961600
806292 5203120
3273050 4316523
8861936 6160016
5856833 5457549
481195 9979376
6771218 8291007
8905825 5915030
6454159 1748351
4325813 964097
8531346 9542856
6538461 118515
8844222 406413
5396733 7800051
547576 5743867
780721 7214122
5814262 5270402
9382149 9158349
2932470 5492675
2291700 4631284
9976937 5745816
4330289 5593084
7385544 9857333
1606168 6636890
9621496 1318076
575369 2348323
9144153 2523302
1303864 4297048
3417208 1009554
2969653 160664
7524810 389342
1487970 5423254
9356583 7667315
3016118 1835031
4273983 2972178
9763753 8436232
3379559 592077
1451292 6745492
1005635 7454303
2698418 7522297
4379071 2735192
3437555 3862924
8924195 3237740
6347685 8623598
8384675 1684157
8073561 705384
2149123 337498
2412627 1939850
1100567 8364461
2520548 403607
1318471 6700068
8078011 5513497
9538189 151621
6263810 8099135
8767594 2737219
4241084 9344211
1764421 7115153
6539376 1901526
3308854 3950096
7610567 5830888
8587131 7807227
2709501 5014176
4696865 576587
1941871 1792024
4803693 5901803
7335213 8927253
4904588 2529630
9304463 1033950
3201684 7174530
2501442 7931754
5553800 1979304
8769753 6799383
703998 8723526
725987 5197697
2602955 3139424
5878091 2068938
9801167 3286530
9155457 2944776
1813298 4441065
6400763 6848768
8681559 4689729
7273828 4704844
9447439 5709802
5179648 1443368
8176696 7277662
9529109 4928889
8435278 1892465
2096209 7432170
2306586 8314450
6135240 8874830
3119514 4206447
2956007 4143474
2444797 6105608
2418201 5620375
9935047 8170736
6777634 5878051
4293043 3169126
2326182 2556969
7783908 3775697
6794307 405058
5139289 3184751
1260897 7921494
4550508 4219432
3213201 1527295
5032681 1453563
1520584 5997805
2191967 2740908
1459498 8297461
6193823 68007
5846870 5549878
3435592 8779876
3961280 9166929
8030386 8957512
7239389 9719332
7830562 2950011
6423315 7124757
3122694 3168383
2256593 1995756
2668194 6881320
704943 5003855
2450090 6117936
7197702 3912649
3998753 1807177
9755477 7811422
7909638 167545
4624668 6672120
6637045 4054034
6654746 2692037
3164820 5570278
5152340 5712020
2485335 578661
1955292 4812677
7578360 3902689
5418809 8461209
9390544 3397941
2651938 9394962
8466622 9234137
6732366 5965919
6505894 2749225
666998 1756750
4496433 5715377
5380497 1161810
4007069 3753096
287594 635596
3775273 5893244
7099460 4050721
9097581 214225
1038882 5379969
5155192 2260796
4311126 4580302
9783593 2694511
573695 554759
51453 2325098
5459925 6493834
7050176 5334744
722880 3462728
5077782 5344631
4305795 5657195
3418706 5274312
6116191 3415581
9269916 9460606
1276927 8466056
2698757 115281
7933814 8989546
4639723 8929690
8314511 1990798
6142770 7674362
9343140 4004062
2111935 9637151
5944405 6769015
1766952 824154
2901767 5860026
8267047 3418374
851765 929852
1657910 4144360
2622386 3299121
7315386 458092
6228328 1238585
5264559 3608695
7366939 9037611
8974288 6476954
9727169 6507462
5988579 4871818
897764 8473840
5018300 9853532
2758257 6767305
5647869 2090955
4261784 3713248
6819541 2173380
7833508 7583325
8196274 8857658
4060317 8959167
3180452 4862843
2223679 8419891
6604634 229001
690229 2763501
3270934 7901064
3221522 6293465
558152 2382855
5599275 7750301
963888 1038210
4575898 9477397
8986549 9464195
1294098 9874355
64828 963448
9498051 3060905
3308622 6338221
1720955 5837876
7007363 7205001
1003001 6639467
841608 571262
7232657 1549399
9508984 5903008
4087552 1087608
3465849 6497277
8419150 8639340
1029514 3006651
5014562 2912687
4829746 6084267
1620841 7148807
8027828 1485422
6249486 2370625
2770769 6102180
2590768 6248856
1483250 4424475
1957185 5775340
2382635 3638233
9314778 6653710
8919907 8967822
7553395 3744094
2546365 8335409
6051716 9474902
1105191 948444
2035372 9706354
2751797 748517
925718 1121843
3437365 5168994
4246073 7325444
3004517 4950589
7216201 4160898
8468904 6445574
3310975 1021431
4500980 5608228
5080340 6964026
10711 6576442
5589045 6462372
4770534 9351825
2281769 9633970
9353987 567838
9829616 6599814
7621186 5995982
1272700 4644832
2812374 475565
7403781 855519
7420032 9670955
9035441 585127
8960300 1984544
3721784 9456555
5190067 2702962
1766083 7438802
2986052 8757693
4949692 6128354
9452930 6255426
8890790 5797153
2697762 6326627
5163259 3071148
9612457 991631
9308995 5987721
5035416 1861609
1011957 7673957
1758651 2235014
7530812 1792550
6180703 1732758
9896330 4074021
2290884 2082207
8354872 6893954
6628906 8953825
8257943 3405059
6029810 2032813
8971258 1489627
2618807 6649965
7290456 5836960
5238122 4829258
420247 535143
9810283 7629147
4950998 8927607
4114782 5195842
5331095 3000068
3440801 14541
1259988 7877661
1734606 5800387
855671 7345412
5012440 3915347
8633627 7649440
9887426 4586260
4538905 5807659
7625588 1920334
7904172 6659186
4189388 8062285
1523501 6627062
4247951 1934292
8254506 9208452
7808096 1409303
6541489 395820
1636514 9163916
9827611 6633370
8711975 501682
1454026 5845937
8645868 8587452
2032031 8225376
9414641 561829
3510408 920142
5633843 5953836
748817 847152
9079689 5383830
7088748 1911069
8211560 78726
7081743 7082313
430271 769849
8625198 26603
5825230 8765214
7779317 58181
1357257 5277144
7117823 4498092
7853948 1252038
578983 8431964
2550164 752959
1443142 6074999
8856017 4477334
6784409 189713
1508607 2638803
4948257 7307924
1841437 2984690
3532313 5034734
4110993 404644
6767450 7005824
3167220 2012033
2105013 8117841
8418469 8287605
6013633 6843618
811361 6260326
6458579 5906751
7585448 9125365
6745883 5512047
2840806 6966892
8854784 994835
1902767 1776415
2745651 918129
7811004 4634397
3156610 5707426
5352799 930337
1244722 7230820
2379545 188428
1468144 496127
8223671 3907098
2925076 3744106
5473518 3059965
5412616 2588622
5983859 4768441
3873867 1400221
9798926 1934433
48120 5209963
3616528 4128370
4710706 1820137
1806671 4539218
9881596 5906182
4356881 7978746
2050474 3840143
2355009 6414819
1742848 9848062
1490742 5732069
6608301 2773530
7902045 3231670
160457 4669761
2283021 2659966
7744231 2119046
9364160 4085923
6300095 7055416
9262048 7073911
7367170 540183
5962007 5722544
6694194 1004501
2214015 5064088
6204028 1271460
7904076 8715554
950016 8198231
161280 9502715
6502663 9050894
6492428 6156636
5100131 6289223
1605564 4419296
6161754 2495365
5232677 2025685
104076 6959610
3944749 7550980
8273876 4730488
2183444 3871705
2561449 173740
8138200 4773384
6642318 9586872
7643674 5695649
3926129 2255961
2654259 192629
4876735 2552760
4804452 8701449
2433976 3460192
423210 933887
3249733 892071
7429785 1726259
2002208 2045103
3727384 9849360
640551 9048275
8506433 9009776
1353244 3142442
1259358 3261884
9558827 7304974
6350327 6846416
9003645 7316561
1350208 9229257
3003619 1093197
8989385 2828408
2864243 9177281
9655593 3549455
2830039 4366340
5191660 8655821
5210506 7009197
275689 6281011
749835 3759378
614779 6224933
6608711 7503648
6938875 7190382
8557335 4676695
501262 6119227
7662671 3845387
2091991 2510693
6575953 9020908
4659059 5721649
7708749 504734
9554787 107972
8105444 9988147
4373106 8689428
4847698 2720524
1440728 2753985
2502533 7565325
8633651 8678720
5298783 6966638
368320 8266648
418843 2518199
6839120 4345542
9967919 1172666
5161799 6864112
300813 8021330
5737226 8582056
2398408 5917335
7343361 1595142
2251240 8996933
172579 2596898
7587909 821401
414268 7107887
5498644 9472605
4200099 5214953
1841375 1940503
301892 9866992
6082898 3545805
9401881 6716253
7968330 2637711
8509346 9690309
2110025 5214690
9762001 7199257
1296523 6544330
761450 3089177
3040684 5351801
2257122 9097676
9438369 6437931
4509279 4728327
8336012 558190
622531 245220
3576955 4339860
9606929 5311917
3199217 7525121
7120993 8075729
6548019 9893721
9947174 3313466
9642531 715526
2483113 2832116
962754 2123914
4775600 945202
8692303 4488200
7670168 8669918
5558245 9613204
7735619 1816338
1399086 3542559
7680797 9855229
8429199 8911788
7927333 3587371
8969554 908712
5840847 2042752
8352298 727973
3723528 6614038
1408015 9755638
7452962 610901
5918529 2201521
7576193 5654079
7548637 4140713
2210757 1622449
2989678 9839949
9026673 8244592
8181829 8598777
3229823 3686140
8437484 36580
1186274 3051257
8461979 7823882
2284093 3303060
7331852 836003
9493008 8588325
4575879 6953147
4278108 5080404
6241865 2100855
7537702 6820421
6589583 8487673
824505 3916411
1791926 9127688
5648657 1208578
2202397 2527343
6399195 3510537
6528381 719047
1009278 4309917
3819839 1443118
8221713 1320491
5174383 6526026
5061958 2090587
6399837 5779329
4132543 6629894
7073122 4084182
4928879 2701909
3613272 7710076
6826755 6615918
1740788 151817
7411719 3531006
7558906 2094522
6903551 4644317
9382118 5697430
5199250 7031802
731147 9911877
4342356 7155671
680074 5769382
7746418 3542852
476500 7719259
2582510 3347653
2957430 5892503
5980244 5551657
322412 4410001
1417369 1503360
8207128 693099
716234 620446
2600609 2348578
9899596 9840282
4624124 4536800
3493077 7185528
675142 955754
4130106 6157022
6121730 7800724
9937579 845312
7216953 6245146
3058982 4878694
2865691 8446545
2597208 5452887
4895368 3135168
6968829 1159067
7352247 9938003
1197899 6125545
563389 223202
8501413 1583345
4131946 4564283
5366021 9849596
9248636 9464050
4071906 9385810
9432909 658212
8302250 6331935
5004607 6598629
8765335 4814154
7543408 3590513
1190037 2627606
8289247 4413351
5550360 4031874
3201572 4150737
7515138 8967094
4713867 3494266
4427228 2370963
342204 7065708
6401968 8219076
7358014 2962381
55874 8803218
7639430 1427453
1425607 610773
5484946 9770317
825637 1861983
8985690 6297930
9406509 1421225
7717405 5844755
5306334 6795441
5730763 6706392
3196259 2013951
2804986 3141548
4119779 5715058
8108663 5898413
295751 2801085
9970483 8795058
7886188 2525177
3619330 1371000
3714842 5379254
9725974 9179713
2525480 1375647
8675727 5417034
9437261 5902050
672782 7997559
3297911 4851139
5117381 6438308
2757414 5563407
8837310 9631161
5515567 1622604
533490 9464518
9730642 6501251
8040671 3105945
9195617 6618061
7664619 1267580
1431230 1399135
9839784 5195706
4540903 7637465
3712466 4100433
5028725 1998444
7401299 4769293
8607794 685778
222453 6629319
7333126 8223626
9832571 2040288
1189192 7339536
3318361 1343698
9085425 2738027
5901230 7511359
6338065 526345
8754556 6587390
3278229 3028382
7945567 8493656
2292156 8535564
4333120 1192248
1979012 5156699
367367 1194573
5410208 5010417
371935 3226246
5126357 5452435
2964518 5150862
2317958 3871765
2657269 9857166
8835171 4150995
9568465 493128
4426268 1488749
2377590 9416834
6843873 6601989
3471391 3920526
6662813 8216270
2429519 8186719
86032 387423
4587711 9708904
9292225 2941288
9488872 7559400
3719549 3352188
1613562 944094
5317388 5865345
9331497 9968426
777833 5337885
3520599 8009772
7418865 6075689
6528651 5166807
1271383 6146898
9168393 6013633
6305259 74170
7671830 5182789
3168431 2201396
2990806 3444786
7794789 5279307
3011754 5655746
7089467 2424293
1860491 8205962
1726496 9823499
9862245 8019749
3351344 6072503
2965077 1272145
2764789 1081769
5403638 158677
9892687 4967935
5211056 6189788
4304086 5414804
7882281 9355771
2726230 9794918
4168280 3358006
8224440 2338735
8237840 1595295
602943 202760
1907774 6807154
3908096 5951595
9909641 4855759
4505774 4798011
1693761 119586
6184380 8635762
7906767 6090610
5455449 8622850
3354892 9327288
1703961 7335612
1917241 9093920
4553813 2770085
5803785 1019452
4975186 6471602
4035707 3792881
1766712 2843786
3175586 2868903
2991033 7528625
3452782 3626357
4422747 2544159
5093322 4165893
7026982 2978398
7342011 3915315
3279440 5821661
2474386 9460332
4273862 2206774
1240025 8509017
3576560 1525989
2800758 1456814
8183142 3304681
9558581 482220
7979531 3008271
2465019 2254753
7317155 4378297
2603287 7864151
8953825 726169
573865 5963262
8851503 5521654
7365013 3802235
9679825 7428031
9190709 3749357
9393627 6322754
5002949 5764498
1820846 3041283
262934 9062146
8543089 2084228
8699345 4560581
3131321 4341531
7489386 3229611
5480565 5776555
2161317 797828
437222 4282396
9812284 9449098
8753255 7467347
5892549 429715
4620028 3322568
3615029 2138871
9660545 1753248
5044962 3387274
6437240 3016317
8090013 7011520
265739 4209448
8188127 6694384
274388 9066215
7068166 4111274
3983737 4066347
7284891 4033265
1938788 5882244
9395358 5405337
1937877 1896083
1709744 7024134
7950205 379987
1220039 8731125
5332360 9937296
4228123 2253873
975927 4125960
3541180 3806957
9308988 8753343
2218244 7810056
2617692 7736809
937451 3511969
7367437 4027406
7812933 3276745
3672913 1742329
5552275 6013594
2013530 9541568
3405892 597978
7065900 5356886
6470138 1650675
6611519 8693454
4892356 3255692
6124556 7322221
3780038 5542172
2367903 9737219
8533211 7364458
1376311 8335327
3007086 6575725
4304978 1936270
7580475 4804085
9469285 5869615
4044320 660170
1773586 4854960
6915960 4320315
2378369 317844
9882754 9304071
477952 627587
4440593 1718755
7484274 2490550
5474579 8907590
3125042 7402982
4404937 614897
4123476 1011643
142197 5875586
996024 9725396
7024718 6686205
2840762 5614470
6180539 9998384
2742125 9748189
1555433 9680491
769699 7941574
5235855 2417554
2944813 8935253
8969419 620325
6454420 6223913
8008360 3843
37027 4153766
7875832 9212834
5481810 2254999
2612443 910099
9562494 6645625
1156081 9158124
9425442 4778522
7742299 1657533
9443095 3941509
4215605 850291
8459899 5518594
3462158 3478059
5993183 3435298
6058277 5423055
7450265 3529300
692104 2062502
8755359 7251674
5956426 6857437
949830 6350249
6804993 731732
4337610 2439267
3411840 9196514
8841415 2073527
9729845 4608109
4961519 981682
7184759 2999102
191297 2682357
7355602 6061915
6313098 2814436
2687740 1916952
3857062 2484589
6749515 9951112
1299990 1944726
6940131 5596657
1232504 4900367
7496273 5165835
1724938 3705492
3363868 9217712
253439 2372893
6792739 674615
6489234 6007359
3621740 4790577
8455529 2466259
3042600 2163677
2001870 2283501
9920899 2048521
791883 9449963
7670525 1122112
9638480 9157301
6783589 5643646
9502035 5464968
1552398 1638557
5498239 7005370
3848044 6039478
5597571 133033
536808 1436400
4561680 3843872
9259382 9944603
5556306 12276
7524811 8213159
2995614 2018495
4681334 7516342
571632 3576050
5399055 4273563
1689060 9955409
2876062 7067193
4000057 9551532
7370248 2276541
3746969 3004543
656244 5265167
1521306 5775377
276593 7243623
8082089 6696993
6263784 5291802
7629778 9506157
6164115 8982673
5103052 6828472
7370849 3083934
438329 5465766
650740 3919673
8828555 8234625
7612926 4647458
4370508 5490003
6468280 3183644
575752 5447890
5796901 5935288
275134 6050163
681333 9564164
5771789 3108298
6822043 7168814
1772571 3363832
1325580 5075337
447622 5269439
4495049 2821102
3260601 1071951
254629 2907945
5026237 92121
7649755 2779888
6655717 5940489
7777085 4788517
4011212 6081714
4155410 7598473
1951605 7451689
8177988 9647933
2296059 2890811
7969577 2475916
7138782 9351919
8449863 9332764
886697 2312244
2168761 7060501
9439545 3683713
9732709 9800951
3729962 5394517
8281855 2963192
8048492 9364434
2017888 3175806
9681236 8357277
2167175 3855129
6481700 661645
227506 3370288
4096801 9446088
5238669 4320496
4364587 6983684
9085071 6400381
6534196 256731
6138933 1391955
9428341 8082256
778560 4475204
6672018 5461930
6779169 7719102
4860793 9980074
3000595 9646747
7332293 5461430
9815808 1079168
4773259 8667505
3872928 1798797
3889965 8252093
200415 7860441
7634946 5716757
3719972 2346965
841117 2430255
1900870 9986566
6180901 4134792
1996362 9327556
3527761 5350358
9461822 2765161
3576340 2492905
277348 351829
4715175 2106761
4402922 2569347
9981954 4169075
1540593 3382761
9863748 5904238
8991884 6428632
890802 8663193
2417243 4099003
7364278 1214759
9497543 8263004
6136321 7551105
7341648 8586822
9140262 9933382
6881300 5150921
6956664 6969687
4094038 881328
7964466 2422566
8996484 3113514
539841 1027306
9157909 1774432
898198 7176224
2613159 3300300
1706896 3908419
6867343 7516949
183265 5352092
5343052 6003061
3917376 8349859
9093961 3199475
1141058 3745454
5473650 8623451
7524834 8180352
7496842 4101267
8225597 2947725
1510899 8734540
6027719 1594537
91061 3904781
7117934 8712209
2042928 8806806
4585381 4421041
1840456 2349515
585084 9938799
2726066 4119310
5256604 5483083
9834657 4028287
9129189 2527791
686013 7083463
3001026 2912489
9637363 9775799
9121146 7329819
3838301 2723806
6889653 6959922
3274392 3499328
2319998 2118883
2685312 332121
8982330 3892602
1758306 8607938
6107607 7919216
8800636 6708543
5378059 8101795
8056013 6301665
4046023 6786483
2646631 8728628
623092 3082504
9752797 9096351
8083015 3156146
9005881 9386267
161835 4526840
6883526 88995
1447808 1218456
4653978 2310506
6841218 1895934
8407526 4360466
4161684 1199963
7476086 5536759
7501766 523189
5587912 815901
9249887 7469220
2948271 1457787
5601080 9598067
6387053 239820
6473637 5520239
3726412 1754548
8276121 1676391
563796 9563171
487813 7272174
4241646 5042305
1611744 2175689
9579488 6486034
8374561 8132861
2940301 4825627
585957 9349699
217866 3578364
5749775 8095837
683501 5915967
8860981 5002764
3692718 7252466
7886260 7393450
5458372 1290377
427935 2736007
1506445 1604219
3223809 9467147
6304616 6721781
5351387 5632583
1431526 2905563
3846528 6473716
9944376 4712614
2458491 4386475
2804804 1465254
4664609 3533661
1059774 8698589
6210340 2031341
3190984 8064880
1634980 5334844
6487876 9206277
2430208 4181628
82313 5216589
1745851 478745
287917 357875
9076416 6940764
2338158 9009872
3712539 1513301
3631571 2016841
5428009 1700547
7333844 3151350
4819574 4303746
5019685 4445989
5937717 4658033
5345439 4925014
4464168 3519139
8731700 1092112
5427566 7803179
2390205 7760289
2105865 6849763
1806952 2796330
2988223 2980757
7815299 1188062
3489339 563685
1817474 1064971
5193156 4166945
3642005 6274645
9196258 6463831
875406 2120606
1758828 661035
6738620 2713050
6276033 4186593
7444369 2663044
5631751 9794338
3665160 6903168
2525209 693457
811774 890523
4078028 5061456
6931881 7307012
2121959 113386
180458 2531213
5702254 3357248
4831736 6841866
3240212 456508
5042714 6827760
3749585 5631597
1095266 3705153
1589056 6747597
9722834 6104150
1915556 3104610
9101874 4426882
8151248 9481266
448882 81017
6014327 5856382
8279709 7804163
8764953 4680170
1399542 7903758
9155091 7406512
7196471 9356522
2898442 3595460
6049972 4179968
3435392 2681766
9812770 5511126
7665602 4487326
2887595 5252317
3786548 1045892
8836543 344514
3552498 7236760
1480224 9725925
7528227 6470476
5478678 4734947
624831 6540944
4375803 6266544
7271041 9495585
1538869 2539589
1225018 1635565
7489328 7365802
7334412 2717250
2905894 8706318
5677466 8588942
7454644 8367882
2366349 6392430
8602588 4843761
5751306 1001254
2954432 9391342
2839849 401540
8230705 5793863
2228858 9729116
8264307 9056208
5219862 3066895
4631347 712194
9326633 9201954
5010011 6337669
8602366 1941217
5077092 4862312
6125055 3568180
3921290 464848
8967457 7884009
7518576 7873534
6824718 1411608
7687335 2880922
153429 6037527
9084804 6765736
8627802 7541737
997120 7906400
9876056 2292494
7515671 9432837
9243919 3015724
6422463 2916370
7191678 1270251
5517524 2995358
1936728 5795164
3279496 7897613
851417 942518
6096688 817486
284036 7053071
1257156 6309666
9640075 6832426
8221185 3807437
6901119 1319253
6627406 8266016
5616265 6674050
342152 3005023
9666544 3407793
6517335 1068681
8482228 1897096
5252948 7746168
4356314 5599570
6961619 1348961
2851353 175596
2603714 3396668
7408977 4195501
6711007 1719804
7385047 8103736
1564748 6894271
9231437 3970671
2057251 4536543
6843314 5645239
1062943 9751836
7500419 6862062
8466540 9290452
3928719 383852
6747250 1702207
9769725 4659890
4677974 4167041
8458185 4785578
2616744 5347001
2135061 1275791
3118141 5695840
1227556 8505464
9776695 4876109
8985731 4010631
6129533 4777978
2624926 1279309
7147326 6377195
639110 4910799
5607568 5934078
5518025 796559
1504822 8048263
2627889 299284
2775037 5688045
283697 1842874
4764526 4996501
3261904 1277141
8456569 2558213
1698323 5028936
7799960 359396
6432110 9878217
6352364 3072117
6607007 3215924
1081516 1076605
3572551 5244409
1673990 7629541
8399720 9225806
2993418 2124847
194422 5743872
314964 7070532
9329576 6655627
9629750 285779
6627298 9701028
867827 7175708
1773473 5834843
1520155 1964688
2136570 9623730
5006834 511583
4155827 8758249
2568245 9245165
9062071 6565130
4959247 1238158
5661089 5780803
3995220 1284216
4288539 7749066
8159596 6210539
4595671 1702765
8805182 2275276
3474106 9435906
8694300 2519997
8082916 9093457
1971982 861932
2739595 368724
186413 5165960
717803 8734094
1624914 1508204
4932598 2069787
2697213 7974976
9315500 8927503
4530999 5098509
3934249 6810358
5902416 4754493
4322070 2986044
7771178 3150495
2624073 5728477
588103 1651931
5737588 6018442
6750211 3892592
6693573 8235032
8973524 6597325
999307 1870829
8864422 1652566
7279883 4212525
9416686 6619200
1811272 2648743
7961984 7366183
9003264 9313984
3584869 6891435
141389 4740044
9032424 2080561
1683775 4204887
8527900 7716550
3492491 8865786
3397149 9155518
2217047 7793782
8384036 5446374
5080355 6120320
3127133 211298
496812 9162591
7142246 2756013
4879415 1313013
3533810 2110014
421952 7024977
5916237 2653205
7841000 8558373
2623754 5541641
1400556 5486706
6063463 4568231
3852399 9960973
9921133 3432371
5862966 1839303
6246836 5050538
5238614 8195645
9574539 7960217
6549267 860344
8000143 2385320
3256751 7067811
3559321 7526677
179753 3484383
5890086 572014
578854 3977291
6198459 5482160
7091392 919337
9499189 9451302
8757481 6667807
1465182 3481430
7681414 9015501
2837824 9215806
916058 8965666
3741373 7832918
3263697 667662
4510187 642388
8290281 4208892
6194465 4155476
6558310 4128404
442844 9005286
6482652 9637962
2651436 918681
1586334 2339455
1816273 6476966
5787041 8793504
6832612 4017680
6106199 9125346
6514441 911698
9184885 701957
2649079 6305698
4921026 6566036
