5000
8501457 7990011
2909776 3683713
6252841 2785265
6621489 2946644
86356 3588552
5982634 6595362
5225199 4179578
3155368 5195894
9631514 8958755
7488270 6612567
3243469 4217736
167487 2758019
6417221 286986
2329332 689449
5529382 714331
2580943 4756523
9054454 5275181
6789209 2566386
7192413 1827630
5184250 1709560
590267 5297723
2929989 8576503
3883402 7809255
8810126 5225329
2578017 4601349
2537001 5301739
1510040 900905
7867644 5022194
186233 8430616
2225595 9992031
6125106 4841084
5067874 5840407
4283689 7061766
8679792 1101703
5558329 7937140
9669891 9881272
8243814 7875550
3019023 4095549
5935983 7028240
2367830 1226260
8794946 6514519
3701853 9664727
1619668 3693556
6292156 9240725
2006473 3028879
5688135 2679568
8734422 6244836
3216925 623776
8322010 5969810
8424623 679752
814334 8131041
2784873 2409228
9881481 8335627
8392169 4081243
7935143 4775449
7020973 7818081
8493676 5420448
8305966 5534964
5292480 4545653
1135841 4338819
9159373 614588
9598977 5598184
8974061 5856724
7196869 4898007
3941472 3197734
1551056 1169398
767904 7568568
3252167 4111695
6803684 9188881
6284878 6995199
4017454 7957295
1544613 3044044
3613985 167219
60177 5806130
6397922 7304496
2723670 9618845
3610749 412225
9812331 8489794
191402 674748
3305996 4031323
7228193 2374004
869174 210753
3242783 196497
2628797 1248077
7930518 4657243
2243258 2752689
8930844 1510848
4159028 9953376
3768011 1739950
6702129 8784223
4547948 4976881
7098935 6067650
6190512 723751
6215900 5026295
5517062 7271269
2597129 3583426
9277311 9990213
6436706 3006964
7634159 6693700
4431911 9638860
8009337 2386319
9815730 1642439
6837112 3439433
4359285 375430
1459731 4412000
5077314 1949226
851751 6642960
3600232 9624931
5176127 4414850
9877552 4858047
4869073 9681097
6025056 7337377
1651219 1446321
1869659 6690520
3485175 2218854
6925118 8452433
7943507 2479952
3571489 8192798
96980 8097007
7642877 342422
3762289 7612877
5643280 3274901
1746667 1348597
7539958 7866228
2957827 2477279
9238184 291224
4899619 5692193
3600030 7671730
9394153 8475001
989029 1135036
6661984 2980017
6489389 482887
8899829 3757726
5921923 1234920
6823742 825960
5752611 4115403
5195873 4171105
2209340 6909145
5635799 788108
4504885 4609840
7192018 3524384
524919 7761765
1435300 4904830
5728678 8032765
234504 7576227
7410317 171689
9982582 44586
405572 243728
4871311 7560821
2502261 8830285
1158071 7098362
3118115 7663517
731570 8606112
128601 9698861
6733437 3479082
7247023 7927696
5175940 4112879
2923993 5099624
8678671 500059
8602125 3800894
717562 6074481
5709314 3474399
7343801 1605858
6265696 7702408
9231213 8078341
4685198 7151281
1487843 2117283
4686802 3764085
6814146 2279090
9947872 9449862
9898543 7109541
2096478 8364283
7898231 3766274
2735739 5662166
572769 3439431
1654961 6844639
2516133 7646713
2973052 7447161
7643909 3257239
5890068 5704252
6218366 2368930
2439130 8433982
1336177 8199845
5895163 1007995
4268707 9945023
39632 1562651
6693142 1008794
8246325 2222070
4285361 603943
7192751 5601042
1629018 8139376
48628 2261555
8074242 5069117
2722167 263459
6381321 4603154
1439692 4022732
8443903 1714920
8142454 8525167
5067967 427139
2020706 6135338
3513814 2209051
5863813 6856821
4056710 66302
9191089 4202256
7592331 3975489
1654612 8469821
4871686 6909425
7976466 2901928
7030653 2021468
8421516 1022242
4722499 7489844
8025493 2350175
8014348 8280679
1168028 5184370
2485447 2628501
1771955 394567
6919215 6819978
484275 4392439
1152063 3457592
3586876 9309490
4781629 8678659
712107 6987206
1213621 8149730
5908513 3862527
7820630 7954370
2457006 7759846
7537641 2219068
8803526 4573942
7870165 9276132
6354379 9913816
1466050 2197387
5429107 9082305
2775493 9963081
8511387 3412722
1450892 5706387
6963565 346288
4753775 5483807
7781358 8921346
5500078 6827839
8275719 6879635
3734296 7620035
7762454 7963350
6038316 1684433
5198891 8847360
2325650 8102645
9815140 8737788
9708152 1437701
8014909 3132873
9649526 9015046
3738108 6041678
1524238 4542005
6816989 564409
7840553 3504776
2293552 5582812
560186 7021067
3039272 4728512
5102913 669418
2825666 8000495
7186635 6876837
1661945 7742302
1577294 7276568
1800693 6152371
6802345 4957623
7206253 5018359
7596480 7565075
1033131 920398
8203266 68981
6597778 7311009
5443586 5803914
7960526 2845169
4754066 9057005
1221638 7731140
5330623 8957265
7976928 2499537
5825936 2452599
674899 3314975
3465767 1330751
834785 1647988
6724228 1748285
8680900 9723390
3307300 3616590
2135590 2840767
9087142 3897951
5620223 568786
9678423 7156909
1692250 570193
2947155 8215650
978719 5737272
160139 7051407
2696492 7263955
5075581 9048515
7301061 4879964
661283 4523708
3813581 2682840
977222 544391
5080029 3568654
8340450 703361
6590899 9289352
8152110 3118614
6384352 1688041
3745176 2313401
9634930 3000131
9550324 6309579
1380566 4665347
3308756 7115337
7803020 1239529
1467119 2720205
2668035 8720053
1000887 6724593
2967527 3351830
6782844 7322769
883117 2945545
3010769 8417522
2302774 3179914
710068 6695164
7495118 4831637
1634953 5246418
7594370 4134768
1476724 4170596
873240 2640167
8075244 6370905
1615970 5807180
1670790 872033
6979018 8103353
4711643 8999412
9494589 3199467
3778020 2153231
9449886 9788024
5210867 1471187
8136313 166748
1262538 1189376
1758100 4212356
8733378 8012213
926877 5036543
6554046 9116825
3274603 2718600
115029 7987540
8244018 1312224
4475862 5364367
6360869 6649160
3513926 5282428
6599267 677679
3582698 867889
4577966 3213122
1221366 4681379
874378 7533811
247089 1242950
1354070 2284282
2339791 5663732
58843 9679673
3705159 8602999
6358854 6912595
4934189 3702870
2446898 7266028
2570103 3178511
5535265 3243268
3672114 8072556
4324731 9343737
5174608 462076
4097673 3374485
2754879 9946162
4505804 3790894
2778649 321291
5422841 1324704
5423775 4351096
5210608 1788301
2605831 5702228
8573994 2220192
1623122 3064712
3421928 825609
2411488 7098877
3929933 7810758
8684885 4232814
4812795 4731693
2276804 7869582
945601 3516017
3373198 7913547
272996 4187767
5078818 8411953
5103768 8353118
379543 6328538
2062557 3608236
4157326 3691930
4383173 3859446
6016376 9542544
9018111 6139842
8437291 7610413
2710581 8206453
8409000 5486805
4865951 8606069
9667527 4231405
9711208 869927
5344531 9787988
2951545 5744567
1425212 4903665
8590291 3986583
3343031 4534440
9279221 8947694
261860 743855
9373338 6860658
517161 2478740
8959676 2602720
9104270 1106948
435325 8386207
2631395 4543325
9670217 6325106
4704585 9478051
5933673 8500887
6088413 7389552
7225543 8238520
537230 782619
1777526 7566723
4460035 1020860
3263872 1137198
4896528 7328597
2763605 4828147
7327011 6236734
6093706 4445127
2940293 9284312
3063458 4290532
8823481 164726
907859 8399863
4435998 9846362
9363785 1942136
9263022 5103303
2281239 2371070
2396978 6472776
7930858 4203356
5992090 170660
7797810 3646440
478527 2844186
2734779 7072242
6657832 7415040
4781473 9433958
9793714 5694074
8115127 2929557
2944236 9069492
4285512 6536218
1843262 5268877
6566067 6905930
4464612 4535298
9560639 8975160
7569082 9033086
9209138 1261064
5915682 5110586
2641448 4166386
8767489 7459196
51035 5500067
4072806 40692
7043957 2705293
8467168 1575939
2343624 4062270
4681526 2737428
4813777 5913423
6166996 4771267
46491 7435503
3203352 3729875
1461950 9014071
5885375 9834391
6388271 6872811
4320809 9905021
1872874 7213761
5529518 6264846
3407689 6450589
4311310 2104308
6317247 3768353
2742362 6379121
2285522 3248538
4586676 8945372
4821349 6579415
27605 3778050
1328973 3145684
5292578 8907319
2454789 1539687
7883464 7169409
572836 2608754
784536 9217068
129906 301696
4811070 2022612
8494302 1450492
6502539 557859
1006930 4512242
8833241 8169846
9385220 2938950
1226510 7861205
2397432 7591566
2480466 1105565
9260038 851596
7237949 7556942
7649126 6058031
9666399 2474326
4986045 4617660
1846166 4060117
655082 6786241
2580872 9619438
8632889 1073234
3164463 5443917
7745151 6851871
6749125 7559485
5035154 8280989
8895628 5579008
4466679 7361891
3911544 8935804
8398633 4681069
5350291 9791013
20840 9847499
6656874 4875597
3792022 2836146
4764061 211259
8561933 7828732
604757 3401360
431014 3902364
4064964 6725066
5643232 4208233
448742 2508137
9740469 8932700
9759913 3367283
9955792 7759159
7309530 1766275
7460723 5174679
6229094 6564686
3818183 4929932
1320554 2984230
4749164 2116492
9551952 2661594
6249884 3696218
8201326 3169586
471626 4600113
495383 5842486
6323491 4218180
1917091 566640
1471676 33474
8217923 1551216
9332589 5752741
7490455 7539982
6910226 3195935
9621835 4616739
2981684 8896178
9602895 1715904
7481070 6462573
3592378 8815674
3724361 9951279
8982440 4971260
9977423 4281726
4285688 2192125
5897724 4147611
7182418 5281953
3999611 3605824
4103072 6824637
1770170 6993734
775178 7461577
4134596 3807193
132722 8639806
4671050 5946888
2947097 8904685
8693736 3012114
9196748 6120387
2278130 1006774
9003582 5730958
421308 1742294
3267495 390235
4178309 5528166
1584293 3644080
3932406 3302982
4190597 8196700
8375758 1172625
5550340 1028796
9097245 332320
9220651 1177189
3697549 2298959
9408836 1178128
3943147 9096874
8948306 5992009
2577295 3207080
9550387 9251780
7967358 2362075
6457224 9304784
5136008 4392702
1289661 2499417
5944270 5029895
9997346 1908907
5999517 8130811
2730857 2981056
4098679 1930061
3611569 9734847
1788370 655007
651591 9120741
3440706 5519046
9216947 7279513
1028262 2445340
7981278 5731758
8865175 7471621
8386814 9140836
3152033 622155
9775517 4212572
7489338 9436844
1489542 6730204
1994523 1861456
4543321 4422527
9523056 2048775
811473 6295639
2939764 5397746
4087799 8892060
1853157 3456390
9050393 4114685
6968246 8138555
3315092 5680181
3943950 950093
1296394 265091
8212370 2848240
6689935 5139369
425199 6893612
6756587 5835366
2216277 3115367
9214231 7306006
6710460 577163
6984635 9929419
3981511 3403347
3723752 1132337
5941721 8703901
71882 9421654
5876860 2830508
5540297 7445371
8860592 6629799
7380096 3555826
2742673 882570
5578377 572948
8638699 7781404
3491463 9708353
9059086 1722825
855245 3364446
784917 5561952
5616651 4017282
4720104 7585560
2543422 8532361
9230025 3035363
3067991 2654773
8179973 9802260
5512313 8974158
9058975 8258682
9288312 5286023
7140049 9992496
9698309 865914
4742541 9338231
1551059 2655713
3245786 958621
4162705 720969
2465605 949743
8811417 8533848
9881302 1594518
2366733 3390258
1699709 6238401
9913944 3849088
9405846 1749046
447743 5599532
815969 2573315
7089610 7866104
4392351 4381371
8809841 8410369
4235306 307134
4974023 8507282
197582 3173932
5181824 806805
1611343 1406492
9957501 1129773
4190181 8120784
4185324 3909353
3370026 372459
9309361 3654289
7467875 8859868
7520949 336443
2980978 7355049
1107309 4202127
2660998 3491323
4143170 4547950
104820 7664960
2640886 9392020
2715009 1833665
3348154 8236801
9111520 790174
1145902 8777441
2627649 9337479
5952520 3825735
8816951 6007568
861201 7938590
4655062 2212987
1927797 8476525
6255640 7535061
3088986 739606
782058 8152195
2963855 1669198
4658378 1367682
9021442 5959155
9809447 6038865
9589098 5990384
4588891 2326378
3543285 1607548
9227775 782298
613277 6249190
7668368 1072357
5133798 2755625
7959493 6002689
8329804 4688804
6391477 7941411
1555401 1808600
2166784 2200835
6578718 8186927
9841780 8463900
996605 9843955
3422528 8901331
5351982 8611384
7570180 2621791
6901658 5042506
9642490 4430090
3360907 6487932
8984509 8860422
3599906 4882761
4256627 4040550
3886250 696603
1469429 3368674
4133250 737704
4617078 6310316
1854689 2100559
6720255 2898597
448524 7356036
2694753 8124097
4898468 256864
3974775 8749006
8590561 6342884
1007079 2219414
1239358 3630119
1298587 4013710
4739486 2061981
5365653 477281
5444499 2791018
3307742 6842574
7076585 1650432
502042 5328786
2156729 2642944
6749662 4494982
634695 1476099
467809 9587992
1684785 2482592
2522537 196490
2049593 2164008
5256544 5012203
5286886 3547021
8671261 1326381
2057378 6393339
1681442 1504727
7807118 6787277
9404806 6241280
5695573 9154743
8423224 4519000
4734486 3629620
1111117 9728618
6956318 5577126
3477689 9351398
1722137 4853092
2669253 7898236
6305856 9519379
3110564 8940429
8649290 1012737
189536 2079980
9686101 6659390
984542 4367648
3673828 9853696
528697 4393400
6517940 4412889
5570187 2281615
6174264 5700062
6395388 6644414
4381292 2095298
5023752 1631431
6484440 4532048
3449720 29816
5355328 1858282
1437652 8791891
6512579 3488690
5028438 8317579
945361 854970
8955661 9038419
5818713 5071339
4630409 5553785
4703616 1823806
9501447 2074407
5736038 1877881
8999608 7757521
8697902 5989940
8222762 6276422
7992665 6572176
4838168 5918349
7502946 7627339
949978 3338262
3217373 2616438
5138729 6671261
6069312 3255543
6573508 6797292
4518245 5201410
1839020 1344132
8144274 3782966
2231656 5761299
7935926 6215511
3798565 2076420
8806317 765426
8395191 688960
5390925 9463144
5146403 1920107
8600342 185420
2204945 5722577
6056824 9724436
8991261 7684343
9789707 8713917
9768646 730933
9048052 4390145
685997 6006601
2471178 5977105
6260107 5018547
3926034 1210723
2173117 1854423
3526819 1262706
4568540 4491969
8598552 9517744
7480573 90951
7443476 9117832
2503733 3137533
1388103 7791600
6480868 875348
5005082 2775416
432480 4381199
7119590 966488
4058113 3779875
9507855 481003
3906463 1061704
16803 2235101
4280318 8986725
2229400 3785759
7140876 1596076
2910666 598528
6696480 911969
9205443 4813190
1071627 1652881
4398068 5082150
3460796 4642157
3652169 4405261
6347868 773597
9741166 446775
1527110 6917294
2013163 123300
5375168 2681010
9273189 2921185
305311 8198223
1864790 8605793
8673127 281989
5668755 6127189
745818 662040
4349120 6324620
8599110 3830434
3279401 6323334
8923813 7337077
6558047 1885350
1287256 6193932
3096949 889271
1006547 8415911
8101160 2342241
3822126 5595044
50871 8453499
834444 6820484
3195059 6017963
5403830 4554865
4378003 9714497
7576311 2428881
8666507 5860853
770338 2616539
4970695 3216364
5103413 5659661
6422933 9490268
8011384 2031635
9385603 4935958
685073 8863518
2855119 7005932
9711574 6703679
8961339 5486788
7030870 6954825
5274953 9081631
4916248 9347416
4349937 6264541
5642137 768020
1820824 7727401
7323611 8921490
5643310 7360728
4480382 1903685
6705884 5511720
3426914 8823776
7047168 7397986
9385398 5229482
7720440 1499630
1249696 4223962
515023 8649494
6786976 9828793
2556606 9318368
1357573 2694897
4373998 443702
8287586 6982360
5921239 5237600
8834994 4049988
4023721 2247279
9438823 7138088
2754574 1497576
5253668 5938319
6125643 5132413
4319565 901604
9469050 1012876
2153810 5050902
8993300 5931210
5900523 222541
284794 9563994
8353602 8165385
2176506 2548686
8242597 378865
2497772 9851934
9572658 3576427
8358118 9280683
1967021 4630783
5691443 6356662
1157370 6982353
6550802 8179677
3113050 5361427
5992255 91920
5322606 180907
5127054 1775060
9160169 7693852
233027 2989541
4624098 8010191
8470165 8816399
2275583 4653056
6960542 4670079
9443688 2471967
4861507 4513777
5016599 5516361
2151445 7413808
3450998 9618334
684487 6473972
7960282 2269020
1730797 3678532
861543 9113076
6663180 1285841
5206552 934979
4090480 7278941
3404409 8185700
4431335 8932892
3989107 7172569
7324210 6923103
9423439 7187983
8198085 8844474
9304777 1571479
205086 3711200
8949294 7163585
529571 1379788
3063740 8913247
6316189 8846987
9499742 8472885
6240228 5790271
9555984 8486034
1573144 3037703
7875624 3332732
6919483 2070737
6135213 6037907
578480 365518
521019 7233756
8213052 4235380
7013012 5906124
9834799 4763461
8884953 4486491
99306 6606068
9444396 7649451
6376599 6330744
1640601 8678539
2171528 120652
9886171 2832472
1670036 3425233
253778 9903870
2977898 3723613
4246145 1231895
7043700 9583920
5993272 9127942
998760 8336873
5355566 5065925
752552 1150558
810676 2956507
4841212 4799564
9022467 4446192
1041115 6969445
8470035 635534
1816073 1334427
806083 3354486
504332 4389340
4860419 5158126
3624492 2520246
1709124 711592
7015446 4052930
6181587 4919596
2719648 3027088
3883245 577490
9347873 6624401
868174 1739134
6801832 6837416
9043168 7871203
816116 8834805
8447613 5001077
4162855 9594987
2128692 3037255
513927 658304
2647031 9064494
3074353 5107323
398897 1231975
2707193 7935634
3240271 9014518
3496878 3052048
6232701 2927410
8752474 6895473
9961851 6516628
5950119 701252
1851079 4209908
3087891 9746964
4317125 3417877
8711186 4443170
6053140 841288
3955695 3382318
8192203 7630987
4281081 7498992
1247005 5357844
874134 7549494
7991289 6466221
9505496 1482239
1378669 205437
1423270 4504554
235779 8700588
7559185 2893780
3928549 6308850
1911916 6988274
8228190 6203118
2938346 6398155
1559073 673520
918186 4447444
1965110 7927708
8166100 7588289
6769126 2181826
1201001 2791556
6136567 6244537
4078711 2796792
1228437 7537753
2598698 4694212
1769939 2641594
3718398 2862000
6913413 6939026
522051 382527
7791748 3987023
1532054 6213846
6701526 216936
5902065 4686236
7593653 5528014
9135633 9017454
2502546 8059998
8078766 5417042
740983 2632561
7317146 1099343
7320361 7060511
4104094 5675847
2000830 2270847
7540458 7957440
6120267 3518775
1155620 8188559
9568384 3918012
9965775 5198419
5831640 3265736
845664 7453493
1715638 6091100
1682685 3059348
106829 6445439
7496985 8069642
4668589 5802394
7013207 6729300
3683314 566162
1379798 9908567
9452257 2027431
4539461 3417744
3693287 6859434
2636811 9800022
6277873 1767990
1668441 4176582
5928818 5779987
7490791 629054
1305220 7827768
2146472 576273
1889881 1050854
1755421 6653182
5709555 8802368
6586684 5078263
1877147 373199
7965082 9182192
2498302 8419665
6623282 7892324
5744994 2826259
5208791 6501617
9373843 7446281
2616916 1272539
356856 4189426
4540086 1030097
2190400 6013962
7240418 6202338
6544348 9214706
4091699 4942429
7737599 1547905
6084055 3237732
6660904 6348297
3322498 3065343
8660591 4003886
2826790 6001877
7466579 6576813
9926741 7433230
9065799 9609804
2560879 3120246
6591370 2899148
7069596 8262141
7602584 6080587
5014762 7991204
1279394 8448212
3579912 5960451
7639824 5167416
5174194 2252671
2973438 3711730
7076565 4894122
5219576 9614105
4351009 3937949
146943 652705
9972685 3444302
4647656 2631360
6676876 8982467
7143685 6599878
1412458 2098442
8181871 7438535
4235186 472333
7031405 8788423
679937 3146247
9588867 2780487
2869165 9045860
6308319 764883
5789932 5304906
6463583 480379
476691 3054314
9447136 4545390
2837019 2322178
5309130 2991776
6620681 955234
4514040 4010155
2974944 7235044
452817 3715577
6320312 8986130
8682143 6507248
6500977 760819
9666479 9367471
4910522 5818728
6401530 976811
1723839 3205536
8513126 1862536
8867191 7606498
9798588 577437
8062455 4739456
3798121 9008533
3771583 4019107
5775035 2373708
116826 7733375
4060774 2718066
6070117 9019256
6141291 9959687
9479023 3471806
953552 318311
2603180 599673
3399904 2314630
3273890 3247866
8696129 1132415
7943067 2299819
3416407 9292553
2123268 3740818
4119242 4751003
7697206 6892395
8488539 4595369
1812416 9392551
7833311 6646802
1452369 9652062
297966 9368691
2412538 1287381
4469023 9570632
9078302 7237848
6258883 5488474
5893716 8334634
9771026 7643457
1217725 2210255
3723359 2872791
6742543 1748038
9637656 2329593
1283826 243556
4221283 1989821
8362149 9053892
4826096 1407003
6320807 5440887
6486139 1524740
69315 188134
4115246 6571941
7959833 623266
4023790 2497308
8653611 3400535
4026599 1919345
9458826 6117800
6042542 4803382
2823345 2609070
3284920 9856551
2149362 4355328
5566328 8611168
6491199 8109838
8230079 3675544
629529 4948769
4164526 3428184
4339978 5345214
5585372 3460451
4410449 2752041
6321038 2399103
8709897 5018512
1319091 7239664
4005546 1856505
484960 5481255
1224779 4338761
3108785 6531386
9264451 5170185
7589156 5564875
2402380 3113273
6265522 6237239
8610753 2560043
2024955 2095376
457471 4230273
5963738 3836497
7557757 9938023
7218998 4234953
4487743 903887
6661183 2196301
7242805 3686614
6997675 8107098
6805576 6683698
3196967 266714
3753098 2559349
3061961 1394070
4931101 2360418
5642356 5156377
3806764 9538753
2223903 2724655
8191486 8905267
1383046 1240272
2135303 2539958
856162 2598466
5448556 9073367
2708954 8923557
3900482 5232343
9018805 6226194
4654127 4291327
8844054 8438638
6621493 5534739
8083306 3879588
3814937 2466631
6233138 2212673
7832522 9862023
6244781 667475
368830 779821
4176823 8653296
9520037 6871932
558662 4759899
51634 2564436
9331412 4344087
1334330 1798372
1543666 9438444
7344867 2561283
278035 1959567
9171428 5115830
8360364 1390554
14674 2881901
8083007 5821200
892506 2228957
5028666 9638316
2751484 3708197
3656889 4046196
349392 6896416
5257279 8219796
5391664 9240042
152817 2836180
7691165 2540065
8144884 1109471
8096893 1327206
3558633 6704041
1862333 24508
5089242 8545512
3386098 7058113
6304947 6212741
6252426 212947
2656684 7310887
2217836 9889037
4277437 3288877
3811808 2027570
3094288 2533468
3540177 4925377
3861618 1449512
7910779 4031778
8932265 1226996
7052261 7656668
6445524 7118543
3663762 1180588
4621896 8112045
4227574 185465
5491290 26701
7638932 3751317
1855057 1956860
9927750 68939
8489622 6701858
6716625 7495254
2155045 9717524
7743806 7103361
2951670 7366810
6437524 6628619
6901292 8164274
3144547 2837485
9942457 7864345
9614588 5702870
6553459 8811417
4340430 979731
4123773 7697627
4696969 3343847
2927437 9599554
5145042 6506177
4245068 4299384
1604763 2288200
977655 3510987
2331975 7317238
1152101 220143
1598740 2561544
6432178 1815394
4516886 8876145
2357767 387232
2201471 4066270
2814805 5501457
4286966 437226
8824167 8423760
6712749 2923653
3529626 2297470
7122867 5532822
5961692 6395882
7313945 8889748
2624409 8290150
7924859 5672612
7708524 2570822
4032730 7602082
5608818 9092712
8079204 2816465
4951794 4835292
4146003 3576832
7834805 5954965
5422694 4159861
7141928 9091428
9094864 200496
2745158 3240803
1990855 1969337
687041 4028337
2738696 1646102
4747591 2010833
636204 3601912
9100674 1197216
4111723 1053735
7739056 4034759
2039291 8096511
9897551 1046400
175928 3091672
6359180 9193796
4322773 2840570
9056981 5272218
1319826 239414
3370717 8690058
1534340 6120284
1953347 1569044
49336 2833950
9538374 1666427
3587336 1024720
3795140 1198104
124235 8413012
1532368 6231576
6950328 8851740
7248025 110441
4574485 3904178
5161692 5308595
9972156 9062116
2925961 6190490
368226 2102576
3441553 5874810
7852391 4474954
5844719 4578137
9906745 9566636
4891209 3738388
5904240 1894509
8753368 5084071
4385574 6069870
3736791 2035842
2994451 7732489
5357312 2054478
8056675 6203710
2314432 1583373
1227027 5022171
3319852 9670734
4035657 725471
2054060 7808072
446087 3775911
2436364 5569325
6454875 3885452
8080988 3396321
6997140 7545704
7401372 4920129
2924535 4893171
9196800 7014938
8444679 349888
3531612 2215344
9075066 8065277
9555036 2531827
3017366 7234023
7470235 5230091
976991 191082
879073 1713868
5079294 6381711
6463662 2727458
2682525 4165483
1968292 7303002
8076772 1594095
5822755 1189973
5564256 6923609
3892575 4354079
5273070 5297383
9124726 2812143
9936682 3884241
9599437 3913973
7452085 4558348
971701 3392728
6323692 2728576
3279629 9014437
1514274 4565530
1809685 6921472
4542100 9237479
6757791 7271558
270315 913724
7835210 391659
9194443 205675
7485865 7928290
8107934 9279804
2441965 8046270
6829863 2848496
7367502 8239062
7455075 849206
9886830 1766151
1010772 4170019
5974131 5476244
7557700 5962944
5116062 6429970
8208641 1997990
6189700 4070322
2867163 501950
8979236 5811921
1180421 241960
5318989 9373534
2214000 1849757
9408758 2398973
3828920 2311152
8111891 4365878
1397381 5056585
4795223 9592968
2582374 7569378
1699135 9170044
2123380 275070
3226108 8749613
6259809 2377170
1028748 8318717
253902 4435308
1918325 7858868
5621974 2506686
5562359 6633908
8566080 5286109
9323576 9811709
3409803 1327535
5557401 8774734
8242484 6054462
6233090 2625628
7492287 2473592
3367557 5730650
8952198 120294
2226428 637209
6374003 6709
8328301 7202344
6284897 2856752
2569770 3918327
2393698 5375652
5888488 9885664
5988798 691796
4816247 3998810
1854074 8071807
2202823 2420070
5546277 4053355
8498878 4177547
2322747 9383211
2425978 2076725
3726890 1028873
9664256 3870813
9029790 6211465
9279578 2745535
8888732 9652189
8575649 1591520
9033240 2393142
7840315 5196721
1344597 5722009
30015 805079
679894 7325274
4520017 2583401
8677571 5170817
4097956 2930024
6363730 8961086
5530105 5960926
3345987 2620931
6337802 9315617
3855345 581932
4352223 9480529
9522150 2013199
5061313 6211819
5770569 3088472
8002616 5770200
5652642 2864482
4822901 2293445
2162894 7402459
3771408 2480932
6915989 5045913
6180994 6108704
6147884 7187953
520071 4191421
5372790 132705
4313454 1299466
3428573 9706573
1183521 1712483
2557565 5258042
4392539 5520805
2102265 3946938
3060312 5663096
3407238 4859770
4273972 9071356
4134912 1107349
9558115 7522031
3242806 9699073
5312543 5184050
4249172 620884
2558186 1714165
8803059 4800037
3758331 3220548
929182 124784
9082335 8131196
3051627 2057526
6522861 3469766
5681912 8496680
116122 8024002
7489391 5838117
8613360 1063679
8496446 6606298
9755094 5481185
3549931 1420851
372720 5671687
9412580 1871523
3301152 9567830
2829546 2480657
5927189 3620262
4556204 223984
665198 7153685
5164641 3038747
8805306 4172741
9812682 4476406
4571434 9955709
297645 4009215
1674102 5615502
3080778 6786137
8567549 2579330
9707564 2073645
2805171 3212550
1792374 2793387
88381 685465
9087803 5982132
7130628 143801
3958654 5824807
4378844 292041
2079947 646517
5867286 483814
8467662 2471212
2713808 2740478
6513106 443169
3474401 8825986
1563846 2172838
3296569 2416239
8040805 9271521
791110 1834372
6543483 1970070
3374459 8830530
9442101 1108217
1801873 4117445
6703570 6506884
1881887 4183209
1810593 54120
3921990 1874331
6287986 5616659
2613293 1548453
508144 4849857
8052869 4817843
5798818 1291277
6811233 5336448
2842149 7833822
8822561 5457177
5495511 2485381
9556952 7221601
2037974 7650438
1290810 1308792
8795718 9698844
9471223 8865908
3063546 7739705
6929557 8061586
9729852 98393
7387176 655393
8930932 1874868
267099 3622948
1071760 4681858
1437690 5924524
9097366 9538876
9827974 582452
3144457 8278809
3956600 7525936
6777264 6501894
6437110 7332393
9574411 419561
397470 5050167
5817719 8174014
7531087 6971703
1157709 4458759
4269262 5202734
3925094 7098071
7626374 3604134
1042286 7569361
707195 8894256
1466238 9822835
545459 5436826
1630626 9401216
6588805 5813902
3210940 3188417
5954410 4426050
6655889 2960784
310250 1084162
7087161 924256
4339997 6740739
151509 6352854
3336797 7765778
4159338 3599304
5349250 5846960
9146702 1815595
1640424 2872031
7166566 2212462
1581168 856018
3355475 5383004
4475057 6533717
7859445 294043
1515560 4466612
3186071 2213665
4544170 4631988
8358746 5924864
7631778 9371469
4049539 1231924
459695 408490
9058600 2382020
1489028 4305587
4919846 2621822
1169665 900954
4550674 3657691
4293179 7362185
2475058 6133843
2403703 5289189
9371293 4034244
6385211 6382334
2998043 3520060
1862451 3909154
8505266 3982180
6504058 1581203
9879973 2119627
372732 5232313
9739631 476328
375886 8905575
3751406 2924151
6812263 117345
2719290 8252838
9860538 8701410
3154355 2264079
9662076 5306680
4495594 8576992
7088028 9985349
1113895 3437018
8331996 1132135
7111223 5144710
7813362 2240358
8672437 4408138
3918551 3160781
1636985 6197419
3813363 77271
3164988 4886907
4694989 6085919
5779849 7375421
8851460 9236002
7166368 6689342
7134683 8933491
9798573 9893707
493918 9109328
4801932 2717033
1596937 655252
4668047 6646981
8060477 3169896
9483020 8174248
779992 8778950
3338796 7822264
6189460 1657615
1614951 1234064
2705215 4476388
639924 8086057
7216382 7004088
6580660 9530290
4542240 8918416
9735882 8932429
3532925 1527184
9600622 8763787
1205218 9278536
8617015 4451608
4457011 2305689
5094862 4224559
5115515 1209069
8390745 8872829
51251 8779524
3012386 5722996
2131790 4758546
9280715 6788878
396547 9357741
9442474 3563062
1959231 2258183
2852793 1723258
9397133 9305216
6033533 2473686
2919316 4128628
5705951 5386425
8572945 2337328
6331786 8288198
7055544 9465138
7055795 9105593
4914723 1969222
7854682 2017097
4046185 6923814
817374 6389640
3496391 2066497
9472923 1937998
8383269 2699760
5273974 6052619
2456171 3314033
1883512 4258204
3430274 5640023
865879 3896179
6913341 5239014
2363978 7976033
1348276 5150728
877132 7265272
386988 6029772
1853943 3494481
5679164 3147679
8832133 4668824
6570143 7098031
2469503 2410342
8459445 7081030
7695864 3372978
912398 5110931
9653841 60348
7628649 5609467
2920987 1143850
1281958 3874095
3480468 4560844
1522651 7326788
6122486 4737778
2506411 5927627
7558025 7038895
1986016 5956278
4414368 5486056
1115573 2846484
181037 2480406
6073764 3469533
4222852 3013821
4006243 2535441
4302982 39246
8873803 1119341
8791094 2556442
7324969 8398134
4865569 1293603
7275567 73457
1822270 1711650
5804179 7448907
9849259 5452467
4985383 1616726
3248634 6427422
4798975 5207955
5937399 8540642
638144 5394566
7092650 1812274
492952 1374080
911768 7411665
750770 3814159
763665 6302139
1871468 8735059
2863193 870150
8366974 9161768
2078700 8776511
9591877 9737339
6047131 1299257
9659960 6745493
9687808 8377792
3936329 959125
1859615 9053314
6872839 9314833
2407386 4572927
4262151 3642615
431475 7791431
5749898 7841649
2013336 7689317
9379482 2967744
7739872 7419893
1830907 4830444
6618376 3300926
9017491 8642511
4384607 4423188
1775612 623019
1418138 246228
2567706 2991038
3288002 8823038
7302173 8621953
419480 917198
7470156 2182447
5342062 5872251
8106569 4501122
6576579 268428
7359415 7120782
622221 9036332
8153891 5215390
3033757 1703748
3974991 9736872
4169724 8315678
2988553 2154397
9229556 2877349
6011270 8092941
1403064 7702054
5560156 2220951
8964527 9478953
8873737 8225295
587503 2415681
5269809 6590079
1077090 6313404
9360240 6231568
3496406 6006552
5063533 8766846
8385713 6502913
3028068 3323066
1222018 7197739
7503598 6054651
8293365 2078282
1696809 3248898
7963437 8863599
948722 6764146
46913 1615331
1138180 3749828
8629016 3285209
4825462 2099484
286789 5269786
7833332 4448627
6831269 3250983
780237 7997879
6543722 1146801
4772043 3480476
7005432 7425773
6220392 8724804
1349591 8242841
9904216 7733090
6032209 1878703
1654139 6590719
5172320 7048072
2633384 6615445
7914218 5117431
4408946 7991992
8304291 354484
2538095 5303286
3057523 6263838
9148991 8052745
2380389 4027633
129415 2960519
7725352 8340389
4086221 2964389
1340848 8679349
9828430 1030157
9264755 9601024
6018345 8960429
6974725 7993752
5849526 2673676
3370453 4981312
2381799 2290339
3277429 2243451
7798386 1100911
6241608 9672682
2952776 6035638
1930450 4015699
1052436 9982398
9618376 6250587
988227 9119505
2833705 583206
9372063 1274026
8402860 3300548
5565974 2858525
8821479 174914
8241133 4417762
4837256 767250
76789 8769179
103891 8493736
9534644 5528246
695135 2078297
9579435 6403723
1634641 457225
7571559 5768250
5315233 7363087
945858 7212529
5037806 6965316
2898840 7444034
876152 2538073
5115613 9527235
2218128 6887476
6143389 1565305
3459557 5030234
4536414 3667445
257781 2218521
6982689 7950048
6490070 7693705
2666820 7428439
5199953 3656721
2143803 2611535
7386595 9598894
4364292 2986093
6282030 4989203
4412736 441184
1900583 8003661
912339 680238
7039142 9210474
9111115 7519389
2923038 1054953
9097292 921139
298894 6464072
9592734 153585
5737259 6582893
4173000 8455772
1545931 2752317
9468444 4479140
5872769 4628390
6207168 9244904
3129063 4079343
5818387 3583673
6223869 6979210
1103923 1818339
1031187 6183574
2045613 2259749
1849092 2673729
4406810 3552953
3865896 214084
2811170 9725100
6298851 4158532
6639254 1118490
1704439 4911683
5475022 2111985
1088773 5388313
9780027 171435
9945683 3027508
1601989 156037
2903697 1069907
2613393 2572577
3093780 1815565
8167925 7722298
4333771 6132472
2726649 9592263
9581005 3296756
4965453 8854838
2172486 5576620
3001970 3296274
703893 5095629
1143594 7509475
5139417 950993
8947586 1005445
5770003 1032458
2905715 6211403
8832048 1629864
8300281 5566361
1403500 8918943
7049419 5963280
2503051 3582268
5236591 4823924
2905962 108482
689259 7411602
7340963 8120400
4748533 5227244
1726241 1684366
1752059 9966450
4293034 4220356
8298686 4443414
6384759 8205482
4948736 9126387
9043338 1373792
9883512 727046
7102882 8333292
8279046 9017990
2378719 6377147
9226347 1171932
166802 461337
9223237 207357
9498508 2260368
3701266 7550851
9031922 555770
1282494 111597
318904 9611112
1785011 5754324
4776383 5017658
9125977 4767386
8021087 4551613
9329153 4469017
7430345 8610385
6617442 6185656
3673104 5458792
9117046 8674080
4499651 9904293
3921926 1467779
4431087 522988
7855609 8423659
6137646 4391357
2897013 1235557
5448571 2553903
2953343 9912009
2744186 2668936
8383129 7523316
8724191 9378650
3360081 7603917
3594723 6145232
8642727 3360359
3236563 7750426
8543714 6396380
8385916 1018698
8818559 4201191
1878877 535008
2107035 2719690
9151207 7651463
2625286 7983710
7463818 3162532
5545728 6553933
708190 2863338
4743460 1834553
1630121 3924579
8598238 2397459
1044622 808635
9866498 8209947
8216565 3800215
817606 4115119
2965536 3491824
8030847 6988049
5207374 6358496
9516015 3244978
5115566 2632456
3937061 4945299
2326247 747823
2921529 7877673
2717917 1018394
6040726 1740447
3364107 9763665
6610462 2686403
8742666 192380
1893846 743319
4614245 1957198
8694422 3310506
8233076 783039
8857466 5159346
4433146 5332424
5766329 6908175
2474674 3369484
3580068 918492
3749732 8542992
2149151 1137796
1065832 6059670
3035008 2679057
558987 13438
8880365 2981760
7899993 913897
5160867 1352612
270530 8149803
6458435 6727592
1357632 116083
5929164 118426
2453476 6568236
6909825 9542126
4034613 982743
8307125 226578
1330178 6826823
1885101 4604540
7430235 5681308
4418245 8868213
1448210 1663351
234973 6837051
1126126 9069497
1584914 2759177
2766239 2055634
5374944 1261434
4406839 4304064
5701870 1581860
1297558 4660613
9172296 2297850
5878901 3867381
5178868 8702701
4976721 8614664
1276311 8522150
6119893 6974619
5801537 4030535
830795 3502772
8572516 6216307
5914668 8419471
8932298 5026211
3718149 6685683
679937 825839
8254675 2007226
1880447 423621
3950550 6282561
3552741 4680169
8863960 7696167
4628607 4681824
2147312 5562671
6246105 7545548
6825656 9410891
4865473 760556
8690024 5308938
3472206 4122877
6851452 7557205
195699 9658818
1039812 1139498
2677987 2318428
887914 7629298
2884379 7566068
1912093 3552197
1384349 4703272
791932 4177051
6141464 2326936
4475105 6166244
5146732 6208166
3858434 6926507
6380856 1322156
3310323 5758255
542301 901945
3244978 4397694
3846002 3065629
9805644 198207
5535945 7905553
736469 4802118
312003 8324202
8487235 259038
6378782 2311769
4747321 4889338
6978186 8636404
5344690 9291343
216243 3203892
6141616 4615145
2657058 6593486
5320786 4222081
5567115 6752006
9040262 3128518
1205077 7015169
1489421 4034527
4655823 1531989
4019888 3541664
7144618 3236975
4419295 6013114
851794 3742728
248913 686745
7370938 6047605
6394484 8430313
4452627 1548169
4470826 1660808
4919444 1318631
193091 7779154
8911539 5945872
3806223 8669661
6115683 2015153
19478 2666172
41065 1020829
9233731 480070
1179604 4510070
9502083 3945735
5093657 5360644
2081595 4566158
5644855 46099
6595719 8166228
3886038 8582873
9495027 202964
4682533 6327191
6637770 5881844
5677098 2646304
3498582 6297831
9117721 718726
5904137 2244419
4997368 2656948
5905817 9596786
3185998 7110528
76777 791784
2581742 3908462
3773446 8626291
3353617 1224169
3816747 3566001
5954770 9513913
5455597 5063717
663473 9176940
2328337 5297466
6692731 9870242
7099044 758448
8339345 8506055
5254768 7982901
268439 7032763
4864592 2670994
1670075 5632604
9677642 9492668
9014937 8154954
1736291 3239711
1049364 3460519
6530395 472921
7290787 197057
3642082 4004884
6262129 9122821
1526602 2203743
268330 8632189
4947263 4359185
9509086 6897205
544108 4542064
9623307 9249545
7575318 2821344
7681263 3298007
1250546 2392517
9577830 8804855
9760402 9842509
1044081 5893790
2693200 3288286
321851 5981752
1560587 2961491
5042900 7525608
5776447 5021253
2102019 7498562
9446543 7514896
1370501 4530063
1226276 1469174
6899511 3443875
2277564 5532171
3093326 4980556
1348912 4918278
9164757 3263929
4087138 8615783
5371619 6450226
8799018 4911266
5017428 5213751
2494112 9175071
8452454 626266
7033098 9523259
7043851 195180
9159722 7773102
8588908 5631194
297874 8639942
868263 9037521
2479170 5079023
4141841 6291028
4778162 9286895
6453627 448818
4219497 4019596
2919683 2923574
6160089 1381176
4299961 5941417
476321 2135921
5969675 117954
1457680 845701
3936349 1661932
2455414 2842184
9006277 2506250
9070044 2336319
204239 3156554
8394631 8294320
2863299 4727398
4462086 2270464
989188 576807
4169349 7263276
719783 9844595
5711509 9655003
2762415 6146963
7554213 8057979
8198796 4315752
114044 6522735
2510454 1952170
9466173 9929076
2264268 8189310
4308411 2852807
100524 3077246
7175389 4895562
4762657 186295
3031433 1475689
1926122 1027679
9509567 2758763
6177165 8981761
2630550 3952125
2686913 1062604
8262402 7898859
9392136 5070266
7093012 1401677
626804 8714673
6710069 7742579
804744 9101031
4526959 9301041
6728985 8980739
3666930 9131189
6574878 4110863
5210723 5274430
3841603 1518287
2218327 7036309
1765385 5120971
1192131 5104009
9195699 8499773
6664398 5314879
788452 7747262
3848358 9623515
8459029 3931589
1605214 5152178
4916965 5149384
7061072 841729
3900402 2011094
8099011 4227593
2885502 3356309
1390680 2381015
5245946 6402850
1562429 1741218
9174082 2631353
2437105 8980987
3719842 5996542
6759014 4730709
4469238 6326684
1820743 6084137
4768109 9783052
2956626 6236096
6310279 6472218
8544738 6967599
714336 2324874
4938272 5841626
1410909 9437842
4094903 522224
8992436 5835498
9439361 8677822
1860199 8876948
1511608 3451167
6065024 12778
2876241 1448615
7448933 2402441
914055 6375816
3045718 2537167
449240 1216368
3942202 3420452
9310244 5656147
9708646 2294229
3426329 6026900
1266888 1850641
3955574 1629246
397592 6192439
8755258 812013
9035295 2405828
8586416 3866645
6613452 2670685
6513285 2442959
6958058 7995617
3939438 2055978
854174 1183493
4066435 9329208
395523 1365363
6851443 5443681
2920872 6216367
1102453 8148347
8966118 213991
1246611 3159995
5899506 6120362
1757781 1537112
4392871 3028724
6475633 9451965
6126527 6692741
9849848 6975848
3215947 5759551
2582444 8661196
2206161 5907600
5810392 8271079
3834702 6140874
8856259 4381677
9788003 6141397
9324685 5851176
8743995 8175035
46127 2338776
5251790 698735
5050122 3155089
4048821 3371261
5593106 2753011
3859515 4175291
4886820 3417910
4373059 8119931
8158608 9054159
5739233 5838148
3625023 2647001
1470781 1604030
6165592 3900643
5363898 7680435
3500994 9728177
6242064 8342390
2653402 8161270
5601249 998573
8456493 4675633
8703477 1958638
6557980 6837428
935091 6610726
7393659 8038209
1199814 1226055
3538555 3975829
4308000 2364702
6808204 3819882
2079498 6349015
3279214 7507816
3810049 2930260
8202962 2841000
6138816 8248168
3634379 4607563
5752198 7836609
4846438 7135189
5419489 5646080
7879799 5468690
6067123 3936792
2527877 9181857
4624816 4813264
6372749 3579548
9629689 8480645
9745310 5504046
190392 8365396
6531844 6408186
6723477 5677840
3726541 8570211
4812667 2961220
8777776 6362601
7801121 8943914
5952912 3336079
9576767 5157043
1668059 4670518
9398416 4915973
6486824 4027946
4798562 9052113
9290814 4286682
1153905 9739107
9366759 4185869
1312048 8443774
4330263 5430642
6030645 638881
2447793 4032980
8611150 8823730
6196315 7263983
3485279 3706737
2277960 9912289
1634910 4541050
8330472 2162841
38549 5176938
6810843 2256024
4894856 7494804
5471205 1583821
9379635 1816877
1970085 3348391
4938977 9084828
4807515 8270061
3610557 5467745
7639892 8389809
6006308 5047100
5857293 8740900
7288959 9907546
9018718 6717262
9067675 5862289
8019945 4919241
2915550 5955119
7278881 6894383
2559024 3667129
8263584 2911240
3036563 4623642
2365813 6656728
5150247 9647255
8317456 3996141
1942977 3981936
8116751 1307228
2509717 5966051
3851026 4385514
318525 7663164
7246638 1447353
5541676 9872605
3091664 8021216
6163528 5512963
2643251 2570951
1444004 9050729
5967517 3752539
9243997 6302555
8544630 7291493
6441942 5003455
754530 1831396
6305582 1909247
9364178 3032036
5702109 9143150
3986873 8605328
13714 9139763
4033200 9690500
7533871 7268686
9542683 4050428
4263818 9394055
9011009 5448997
4171519 5522540
7659165 282918
9740846 832955
1374886 343464
7655663 8800395
4274521 9152508
3986535 5520945
7755237 7473861
7115773 8032915
8023972 4743122
8082489 4432752
7991444 3412758
3798396 2802355
3362547 7593415
5811864 8154102
7557786 4297715
7464918 8802301
8108976 1646532
2216713 5011984
2952179 1451746
2538233 9773435
7199884 9486259
1017368 4730519
6249008 6357779
2363008 7826714
3511337 8389412
6653762 2369507
28813 1840651
7195526 148593
8460567 8489016
5405515 3228533
7322464 2011338
6226104 3444365
6032438 9651811
1557227 1112594
5756811 4014708
5028896 8656448
3115988 5626312
7778222 14925
3499530 53018
3342303 4764456
2587201 8577474
6808606 3192007
4843908 1248815
5090825 7750264
973377 2184087
5140666 2105099
7417125 2829463
4708877 9270859
6245502 2059775
6494402 8274286
3708012 878108
4664381 2751378
7980685 7829339
6765200 3999186
8483480 6225954
6082228 8655453
503828 1923108
1240196 2493285
3515393 6569326
8317337 6044183
2762191 4381943
4606241 2920465
7639530 5256865
8556697 9220684
3410258 2983434
2316188 2993652
1274951 8160412
3038971 2401352
7670143 477040
7259771 5550991
3306370 6441043
1830246 5093296
2959686 8674274
9872480 8936853
5879052 6527764
6322387 9656322
3337950 5967750
6510972 9035855
4464211 5128763
6555133 63595
7550884 3122149
834909 3194515
36411 6918850
571406 9287495
291733 3885171
5253821 5684039
3282372 7879377
9751998 5323609
5418710 5547416
239506 7920066
5107556 208521
8966350 1501538
612622 8141351
3811104 2707928
1272304 2008855
3514628 4407145
5414141 3606264
2335999 3650680
6690986 4383304
7642291 8664338
8774625 3117352
6665116 1501051
2150646 3567672
7488482 3040014
1372746 5214027
7316603 475232
1169631 3378214
476574 2999275
6162631 8888954
3755232 8284472
4683589 8398296
9075550 3663822
7503876 9071727
3667392 6014278
4458438 8909413
5333997 2649714
9329333 9634971
1587928 8242075
8935964 7693692
3315289 5264489
4203556 4242681
2000050 6791948
5194731 6612773
9438304 2751516
9989385 455456
5606629 6270381
414513 2457321
931396 2710621
2156035 1872719
5494180 2263278
7925896 9039409
8949040 6271423
1212498 4676060
5388691 5588994
3631453 9199334
5652247 2946898
4895405 1189200
1075596 4713378
4954253 5063179
9743398 390622
1028179 715955
266330 6875264
4284757 3631332
5630845 9547655
3547528 3754270
7740213 4035007
6554400 6692104
2978841 8448396
2396264 6461707
1890363 7355940
3007150 1495020
1343577 1030066
7272461 9163226
4487583 7874125
3256365 4839481
6298287 5575244
7278742 3145928
1916611 3569416
7934629 7071580
3572793 5275019
7832117 6745626
6130781 5532438
8125186 3597262
8909503 2573522
9901810 5636540
7856471 7316262
8779847 6060800
6623058 4717744
53591 2223745
2774582 8863090
5582470 9744401
1549588 8348447
3989834 2977819
5807336 8572663
9371297 7922701
1905581 6079494
9468760 4138101
7193663 7310387
4322749 7177711
4474006 5801512
3403310 2222956
6433420 7540908
9672276 6621056
2206450 5854537
518433 9342623
420454 3776804
968498 9853633
9774491 8133315
2216063 3084285
1059018 3944145
7745165 865483
6307028 9890447
8083617 4775537
9898312 7486629
9125907 8633555
5994386 1807495
7927114 2228145
2199113 387649
1013180 221102
1632346 5411861
3821449 5811674
8453941 9448016
2814359 4811983
4030799 82991
3636069 4096188
7965676 2302939
7352472 8173806
1455654 7221791
5908038 5560945
9387739 3320973
1639122 4177770
1779008 4389754
642435 2405265
5911962 368450
2093133 7299744
4570104 3565003
8722780 5898993
2113642 4523310
3708318 6909121
3417429 9222011
5363023 470506
9007178 1841061
5195768 5654023
4973864 9794273
2972253 3135168
1203196 8818758
3847815 3052120
3428347 9765798
7322193 137606
9805943 8016027
5560197 380392
976791 2177232
8555938 1848127
9834337 4076989
1182315 5826722
4425076 9388140
8606303 9558389
6668253 3787918
3276555 5758744
6174128 5077918
3428980 9511024
3973607 3607901
2491154 2832017
7800664 3396882
2795452 636810
5011477 8328182
4323397 1227925
4089976 5969143
3720706 3464594
7466827 6888165
1624182 9413321
6488112 2198266
2175995 1595471
375668 6515803
131330 1001990
6111057 4920850
6619005 8130172
8083665 8948301
4049922 5763854
9745922 8184967
5872763 3946959
8728327 4333150
1639197 8101227
8612917 6427521
5122726 4787841
4383330 4909859
313146 4249644
1041061 1652732
3515276 9662966
3597947 8063283
9993092 8956185
3253624 5192804
8687001 6872684
8271525 4287315
4696741 3171537
2922461 6532133
2147232 2349939
9802410 3272553
8042948 3919702
8110441 924542
5826372 9056676
9385341 5182175
4106164 4058782
6543848 7815083
3633506 4608292
800947 6621007
3570579 2477070
900335 4454317
4945671 8779364
2604432 4864442
8438969 4222983
2596477 7178455
3993177 5588629
3081281 8380976
8842920 6487289
2299125 3775465
2205421 3127319
2395061 9467648
7281405 4449367
9124836 6820275
7097276 9479936
4179622 2607882
8373961 1880935
636289 4350640
9432181 8809920
6392680 2878144
2124023 1833577
5521091 578574
4503415 1291217
6620172 9486646
7629971 1729487
2158959 2076730
5000881 2044422
1538776 2008779
8821827 6753335
4147133 7618855
2865227 8330246
8956555 7010469
5495559 5337214
8948446 214422
3551725 1309056
8252843 246862
7509855 454097
6365954 2736361
6657305 909338
2817143 2220408
1941566 3041965
9649053 8751627
9008176 5772653
5383209 8640876
9368958 3589466
4832880 432919
3716524 3793282
623627 599024
4400629 8796942
9845359 1995943
9004032 883504
1094077 4932938
8952304 2661925
6635654 7827365
1111605 7093058
118347 2564433
5897485 18832
5147435 7362545
2171429 7024129
8954309 7456890
5124440 5783925
1249276 2283652
8523829 788320
791564 2279094
1037087 1560618
8607163 5184982
5230178 3273257
4240936 1614156
47900 236236
6935436 6033781
8317097 8653608
1687495 6930542
447351 4756524
3334976 5129210
9504946 2871144
5508475 1154573
3287043 1639082
3481037 2034726
2119150 3497024
3928061 5444092
9792021 5039988
2659607 6600347
5547715 4210037
6739434 6517971
2868249 6925386
3810247 8708002
1500027 3687897
924375 5528962
1757398 6655005
6715068 4234330
2943941 5226867
7310823 2583362
3428116 3205826
8687956 9439952
2764725 6755154
4715459 1784585
4158602 4262639
3775229 5562671
7124842 763665
5543823 2905756
7348068 4082106
110739 6098243
2718957 6116503
9902735 4611738
8030688 7611564
7965891 6016137
4896415 7108887
4278621 8093833
4691611 96597
7634268 7453807
999108 7303938
4449020 4599702
6489011 7707495
8167563 7335718
5271953 78610
264313 824891
7772141 8337310
8538821 7435277
8473719 1944103
5202256 1265922
1969038 5520463
4326990 852158
7830064 7417310
3388346 3067201
8706868 5371980
4002405 3896898
7508945 4176716
2613158 9738506
6398696 1448292
7025325 112995
3606910 2839854
2694474 6448403
2949524 905397
7891859 5739024
1524451 8485249
1013074 423389
5464312 2025447
8679120 2740081
7815735 8729650
1783457 6843987
2265015 8711869
5761051 342242
652110 897577
9173545 1429206
4983645 3735366
6961273 1352591
9121098 9352799
5920277 2346260
7551408 3751899
2888524 4665083
6064995 4153493
7413135 7082644
2679186 4672621
3527925 517799
8731110 7133045
9112910 204730
3149435 190834
5968259 9070247
2607828 3475067
8752240 5563901
2863802 2071937
8009713 3264513
4582773 5788600
7863095 298791
2731819 9560452
8620913 9549983
2668557 2537932
3599037 6279830
6316340 7880448
6520225 2351032
8757823 6370005
1429318 9564555
5643930 4966393
5036244 8036980
3964938 9786815
4533655 4627852
6984434 135161
1878608 3726618
3303818 7665764
6582387 6812
6169203 1498660
4842352 2624567
7172095 1458652
9814491 9989280
3946697 9216551
3094433 5596043
130083 2413049
7250840 3974661
9897066 4159244
4292667 3747537
4589598 973306
7563174 7549603
3212750 6628522
9144751 5795914
4085731 7010449
8877941 1006642
1059209 3390072
44108 9000456
2287662 1510511
8828934 7316033
5635982 4246884
5962609 785869
6590078 301024
3526840 9573769
7738115 2781706
7861543 4454863
1154174 8068890
1414202 6446281
8854803 2346824
4796313 1238104
4108206 6386318
6288497 7920394
5840029 4077422
4194018 3680522
1420553 2035483
1390253 8707514
1343435 1616198
7038563 9374645
2151031 1131440
7435423 6922551
6816523 9261767
2235424 7371226
1323087 3328145
9044426 7015851
7354738 1485156
4552882 3400260
4059860 8725327
1965148 8516371
2543034 2760983
6268004 8599028
3441810 8934642
9157032 5789575
2942856 6776353
8325233 460904
303884 7413736
5195016 1853922
9841265 5500302
7221746 9193557
5431373 1629242
533042 9882032
8234122 8702076
9133095 5047127
2458741 6354304
8048849 9551154
1882602 5308928
112144 4386174
9964759 6882627
8169839 9050991
2270668 5332256
4499502 3975410
1203267 5675192
4921499 3399143
1777336 7789917
8826342 3053529
1136740 6652160
9194394 6317937
6463094 1300477
7965162 7832153
8399873 3867321
5256421 3402803
1908431 5152347
9282602 1306301
2895953 3107622
336935 2560830
3317417 4150825
3930366 7128574
4352265 3750048
7103249 5534853
4619877 1206667
61651 7975982
723679 136633
8496959 3950569
9489485 5160836
1175061 6033233
6376295 8882954
375222 779325
6621710 491954
7970168 1185901
4267152 8135594
771207 9335685
5192553 4446459
734622 8689668
3247646 9563620
9182929 144317
8196912 7742224
7448497 9896119
1708792 1593092
6599652 6666521
4336052 2719239
7940708 2414028
6987685 7339143
443995 5067449
618295 665807
9071664 63945
3642792 5988049
620355 3886948
4384333 8221495
2253489 3956421
9613678 6478156
2424887 1310230
2198721 7312273
4619229 6278892
2058777 3688701
1778390 6333145
6140683 9624460
3645366 9696014
4579221 3738252
1602189 7326706
9570729 3834712
1538350 7861822
5248633 2745350
5354772 7247703
7587997 8208879
3156780 5796569
2838544 5091013
7004579 2959461
3880251 9408104
7260374 6927134
9645259 5800776
7071960 599748
8087486 144494
6795903 4547534
176584 9499805
4083218 512144
6109690 7201387
1616180 7781807
713862 8033837
5340509 614156
2843877 2064720
9810129 2106615
8345978 7141033
5281390 2441058
727012 3930602
8127992 3812781
2042386 2215117
9719238 4242703
2878068 2274692
3032511 2517380
9742609 3416331
4621836 6731485
3241184 3493054
326864 9844673
7332444 3187206
882154 9482854
9342436 9159286
1477226 8597888
7540554 234317
2275615 3297604
6447290 6999611
7515764 3376212
4598509 4452740
9275892 3629761
5651987 4095976
9997835 94445
3352802 5115988
3949658 7631203
9998960 5089012
2892070 9194328
8765307 4957221
2950728 5057855
2536172 7075546
5609635 7244939
6023033 3002626
9281331 9431648
312730 7945420
8879493 6055764
1144778 1091073
6352891 7056883
7140637 5662517
8226686 5627281
7790001 3473473
7933389 815346
7212194 1588357
3764992 4678271
8522435 334487
5087978 9300499
7787323 6502870
550610 3575385
522143 3065158
6019489 4853173
5082140 599603
1654703 2607108
3125691 9528857
4854910 9458908
8435963 1188991
4232816 8457095
5116311 7760275
2183943 4814051
1273274 1606921
2944392 1351199
4032100 1476226
3095268 6390468
2594270 1956383
2317645 2144962
2361763 9889171
8772617 1692008
5096503 9626541
8169311 7151365
7752353 4747666
677882 2093013
3740665 779970
9490054 301672
5642204 5028248
1440251 9465770
9570095 9662460
1379609 9012559
9126645 2258571
1267698 3795087
1346468 8450862
4274652 5628865
9072506 1178407
7880163 6518024
561045 8301495
8463807 3389007
4494104 1636241
2548321 7933065
1887399 291586
5156487 4996343
7156804 8921946
763686 3859854
5854131 7056386
7834568 7261660
8565243 542123
70429 8331191
8126279 7242330
3133829 8372563
1256601 9223700
2667196 5635894
9219100 4434800
84918 8266221
863007 8933699
1087041 8548134
1570120 6505223
5898527 7337201
7725567 7803496
985595 6105179
9559812 2775111
2595728 1272765
9887399 106804
7039904 6098457
3190697 4484382
1325034 1081403
2318334 2813329
8699499 2230957
3351061 6726883
1836653 5112171
9744900 2771390
8028270 3261129
5591621 9230553
3451062 8936350
3448312 6315490
5975030 7469011
6635907 9329651
9369125 5799691
4178182 9615524
3371188 5907676
8408931 6961520
4696734 7097858
6639286 8228293
5703652 2770614
6784232 8238402
5946286 3309566
595277 9020880
822194 8007844
9903562 6633669
7680889 7661829
8172381 4357843
1859211 670723
30564 6613883
7000675 6039217
856051 6100545
1302952 2798362
1963813 2626935
6131930 9414335
3531952 5849178
8021632 8921381
9894921 3371152
611836 989286
2612943 7813355
55727 609355
9315155 1426733
732803 679199
9760788 1981553
1593143 9462082
1418726 8465929
5928511 1147568
4430361 7789345
1353052 9746843
7169151 3335654
6239437 5477407
3636966 2838643
702778 9837521
7902655 2417041
4286987 9662842
4260606 3565969
7962233 9408381
1902948 5360994
9686105 2638943
62133 4444599
5765837 714878
145103 590334
3989656 7272824
421075 1377639
6186824 5886592
4530113 2102843
7088211 2676789
5763278 6773324
7273006 6718419
3405424 5109197
8290904 5686055
1034250 325957
312562 2494155
4246025 8571489
7640070 3222969
4557586 9060773
3839138 2313323
1523425 1949983
5125994 9281004
9643574 8089362
9526497 6735641
5227886 2905385
9938036 5074270
6522865 321877
2740104 5721566
9476734 7058304
6118390 5273253
7819106 4029883
3644104 527081
7924561 8198964
2160714 8653407
7211242 832683
8161180 2140674
2374005 5710634
3306830 6005753
1164990 9833432
695330 9623657
1426035 9875304
200381 4226770
784795 586282
5512605 6735131
1757082 9440462
9685793 7195971
7373940 5416818
7300130 4275726
18585 9880445
9787497 7247
5264328 8257117
4720522 3871979
4573459 514525
7031775 413174
3221371 7674584
6376127 8568077
1996009 8048656
3693761 2790352
4598908 7751295
4401328 5505009
8376315 3535539
1675558 1418517
8249838 4361200
8316497 323714
9928249 7919606
8519892 5644945
4423965 7456024
615949 7930569
2123634 6010794
8424901 9834276
7113420 734518
890289 9531692
9674545 6731838
8090025 565009
9033935 4110125
8322862 420501
8575251 7233647
2656348 5692596
9615501 8936796
6860564 182082
2178889 7631677
3888302 6620898
214973 2485182
698835 856325
9303580 6955979
7799381 5906674
7366871 1319230
7186387 653111
869958 2588804
1169895 4310180
1975726 9675310
6455598 3990295
7860816 7536650
178743 8114652
1644209 427946
8956387 4754258
8166184 9449
4612439 5739258
4130072 6654816
2882423 6872990
1908555 8409511
249034 12597
2563362 8182368
7270025 314469
7793799 5085823
5248693 6770890
2187595 5187803
958140 3105710
5816984 1989168
1841568 8910028
1558069 7707654
3542770 5673289
4613088 525446
1094084 6633568
9311465 3790430
972421 6968461
5799744 310034
1519796 6038972
9444478 5092224
4637584 5051460
2920979 7212851
4484911 2557730
8052655 428713
5939428 206391
1574505 579966
7961126 4672981
5436907 2123185
5861226 143440
350031 7132296
9633944 4564432
1059938 8537953
2150577 3821141
5110087 888408
7041040 9921440
4270859 7444198
1818139 1593137
8817435 4229961
6065715 8891585
3351033 5812730
4435475 623925
2380787 363690
5142277 5793002
3996185 3632349
7247286 2756862
4105870 625734
6803419 1704668
8452401 5659687
549316 4842499
3162032 5543357
5914269 8322557
5833912 4711263
9882406 1042078
1642687 441575
1538015 3252227
2686431 4142888
3548428 3441192
3898952 6872266
4455922 7289508
5357956 5019067
6060570 937484
6888757 676218
9601394 3030061
3109307 9611794
8217330 7194623
5756095 339917
4036959 4795394
2215299 2231917
7806838 3865591
1417827 2115251
4597943 6599895
5942115 1396797
2591467 4119418
855494 4294184
7204204 5618935
2068236 1671680
2455523 3219990
4944275 3023728
2187404 9216622
1641712 8315697
2825365 2334064
2802555 5396736
5332174 984676
9929542 6356189
5725666 2235483
6397822 3812567
1664581 4861965
5363335 9850375
2137325 5897537
501359 3543350
3645363 5074986
8681213 7525062
5809124 3439503
5338142 7404634
7775069 7897893
5184499 5817307
2508275 5951947
7777409 6521262
658271 2781378
3118098 7955360
7263654 6908239
8564398 8512693
3886695 1644571
2994181 6844141
6292049 5099797
4106801 252926
5790891 7447765
993542 3742894
5081449 4774055
2153932 8150709
9685134 2329246
5057462 5194594
4220023 2141743
8043289 3457163
7109005 1535357
2006155 8921196
3299446 3819426
7983821 469068
5506096 1452534
4491934 1685602
2188779 3472167
8443741 629318
2878629 3692221
1291268 992725
4554807 3822167
6199862 4479493
4496714 4320898
9655411 3588029
5029142 455533
3428727 534707
575437 326297
2681841 2719987
4706639 4946997
4551812 9874920
5262701 1992217
7728753 1546764
1193740 3081703
440730 1881269
1521316 8743858
5945023 6256494
3789021 7509563
1575844 432226
7583685 7206373
8085731 8149212
6663330 7752640
4738514 5603163
9988634 4459069
1457563 1145156
9145444 2206348
4464851 2037840
2395701 1960982
766288 2722674
953767 4152852
8795990 5458675
6192056 8962867
592223 9867216
6083279 976322
1202638 8582821
4345979 3573878
1169142 7071423
2899801 7842937
3841128 372929
9023588 5589309
2084067 7544510
2293490 9858870
809977 2815142
6158812 1270413
3513209 3589388
2158836 5466751
2869415 3950004
6472458 5939681
3423292 1469761
111878 5123005
8520427 2439912
9728161 6805750
5377632 493394
8291039 5800952
7645039 9431694
5767223 1285762
8674127 441279
647675 2412304
6276840 7213945
4607454 1608559
7086093 4460350
3092256 9991815
8837766 6236376
3230121 4581656
6567318 1098332
3982333 2317304
6563605 5643473
7946162 7962992
7809060 460425
133275 8305560
9923952 8522643
5590900 9072420
6777192 4598954
8974201 4246057
1895098 8331101
2135504 7188408
3445660 5062884
9114734 1877401
3724267 6182055
1190566 837675
7411808 8176017
7010092 7587266
6873822 2978486
4401955 7166141
8331995 2532436
1089753 4428861
1022179 3717734
183710 8019702
6882978 4109835
4350280 8222209
3163880 2116398
5725709 3478419
4140614 8482866
7745646 2795656
9854302 1936313
4078107 1978866
8136483 1493680
2110444 6963979
48255 3565653
4030378 1391020
4422354 6077171
5470589 9367196
6677424 3459057
8370189 3385289
8132492 915082
6596134 5533110
6228170 1418429
205290 1662616
589502 4053337
8698260 3699781
1943831 3126034
7411550 8234310
8429915 173477
1828675 8604096
3565840 3985081
9956557 7431378
9732679 7786734
5421668 6246305
9403934 7759339
3454358 201196
8421051 2798463
1589313 2881710
8627287 5120520
7860865 7539425
439054 445987
8988577 6142160
4503501 966922
9831755 5192879
9739696 8488596
9496976 2609381
5914984 2764009
3239776 6538243
8948266 8172706
7277665 2729903
2560966 5995060
3780132 753556
1616548 3025366
10425 6155429
1062569 280904
6284104 4401228
6641276 4024733
8977160 8095820
4060709 4400270
5857160 5597840
7698446 2350505
7269320 3633569
6669201 4748767
5862142 9257842
6525953 8061117
667232 658667
4608124 1576091
1767455 2330545
4820205 2219683
848856 496460
3569590 6738545
4541691 6357369
933601 3414408
264874 4821281
8480951 359296
9023987 5215974
41612 5932728
3237257 2277285
2150089 6925494
4204475 4126948
581182 4960960
2746661 9941225
1164008 1796430
129923 3342930
9885615 3325586
9625244 8124611
996375 4335732
9296592 7116453
2353580 1736238
2572442 8811641
767783 4804849
8603759 3637896
4321635 6590225
5287806 5433392
3504625 1351698
4838107 102724
7385790 6810000
7734249 2584084
3985202 6994104
745801 1803980
8324305 2598584
1594964 4314661
1095620 7035007
7985917 1704083
4212863 3230697
6128260 8001481
4574165 243558
8780009 580847
7678815 9722292
9398199 7884371
3189233 1900231
3360146 9408791
7219013 4766208
1766632 7023684
616898 6005005
6755053 6171798
1282685 4255003
5813149 5529459
8595285 5838408
8725758 3396108
9220720 6455955
7369072 3154464
6566412 8007393
1930468 5687275
9447440 3756150
8454861 703746
1911072 8600073
776089 1679712
4053355 4196967
4030020 7544610
9336767 326133
675413 8763349
6324445 155396
2458486 7999660
1216710 6133593
1926661 6148800
1186653 6927834
5628139 6471464
8299777 1994932
1507680 4108087
7184874 9699049
8957371 9918808
8218660 8533536
7753164 9551612
3810936 1581915
5534043 1243694
4926194 8535336
9009695 4862724
8350842 1213016
750043 8437393
1319526 53404
1875408 9775914
6142876 8882125
163260 1072945
6574668 4783706
1995505 793227
3803668 5736527
8651605 506605
4743627 8669844
2029893 6927082
4542967 3582643
6202776 722459
9294019 3085875
7556086 4903776
1099680 4913281
8536597 1155917
256442 8650296
8488406 3866491
9945350 523436
7189991 3429452
2485665 5693094
83928 3831984
3018620 5579586
8586924 8450811
1830094 9957537
5410378 1167059
8445833 8054282
5705392 2827654
7804954 24072
479806 2463544
1166343 7774793
7451142 1073405
5003734 9302129
4713452 7002546
5075854 148386
754061 5089145
8677416 8749482
5292312 6729106
1227040 3325528
4357591 7605115
4333541 4881308
2276638 2303903
4893407 6981974
7605453 7327351
4194458 5637808
7130748 8556441
5790466 2831730
4335244 7224024
4720738 4604134
6878145 9288796
301302 1156653
9962801 9496643
2574792 8507073
2902450 1118268
4095169 1929296
9062474 102280
1883656 7034399
9489006 7995161
5701686 3967574
7802645 4967724
2972269 8910296
838959 4852551
6516098 3757770
7994875 5255848
9504133 3134593
5626121 9716489
272180 9176640
4096351 3732823
515727 369343
7692664 3625591
8245054 8342957
7115222 8477575
3541222 4679092
4224221 6614722
4936609 7860142
8838300 4159560
8462453 7289938
5426052 2954537
5235092 363264
3542990 4112962
6506629 2862297
7870780 2432368
1745593 4679639
8535483 9752064
1437619 335388
5486776 182763
8812681 5611013
1060150 4981423
7005721 7003201
4260447 8060233
2095455 1844586
1777097 7963349
2896327 3478444
5193737 872616
9797173 8556340
2993565 9322204
6463348 3777490
4861583 8866213
9637817 2960634
1689002 5630683
9717149 3439056
5842410 3568675
4426044 5941743
5799182 356150
483283 7496896
7607120 9720183
4682815 405234
3651536 8946620
8344163 6575260
2768912 2701575
8670252 1391570
400676 1055818
8287947 4922392
6577749 5914577
8293756 8266666
6121879 2975451
389413 6926199
7879164 6155519
1801140 5177523
7004906 3662320
2099885 6630015
703729 1339724
4191078 5592667
4806237 8979604
2923057 387124
1631045 8702311
8303048 7741358
8396796 8962275
1677526 1985667
9290650 9227760
6058041 440489
6872679 4551061
9875530 2944789
1547276 8812000
6040081 9488413
6089407 4032238
1983678 9491216
4672413 6840402
4249140 5625327
2529677 8622010
2376044 1218710
4794906 8982207
2187700 8164492
246444 7597216
1918789 9751004
3513075 5692281
3568349 3644996
2792977 8698205
6607194 4165878
1251770 4696118
7599687 6090441
1883212 6240336
6033336 1705446
3009368 82576
4028201 7964159
630851 8270153
5417649 8107008
978829 581508
98841 3181600
3376296 8905353
5040999 4694097
463695 7457925
7188625 7049359
867505 7823918
8867019 8013555
9702560 9540100
7210742 2419643
6620398 2103881
6433097 5535869
5612447 3665104
9146020 8018712
9009875 2758578
899121 7058461
7821066 2189705
9116047 6529546
9898069 5737337
3958646 3040847
9916603 4186256
4849211 7830539
6325627 2943872
5417642 8861002
7932980 5686595
3156013 2649391
8088859 3324618
6560859 6284024
264061 4101955
925463 8678208
8584201 4827828
9717605 4523413
1358999 9039243
9585246 2147690
3932853 4487280
8348200 1146527
1569557 2268873
7670755 5029894
4737980 9416820
4012119 9679685
8157521 1849330
9988901 4059317
3456650 7349282
663676 1538233
2392118 7660952
8149816 878117
3709182 7764820
2812352 1845604
1766278 8013354
5879502 5050524
2352223 497567
6881082 7951527
273231 1549620
2865419 1027738
925439 3754022
5562853 9822546
1202364 8883610
372999 6265190
758712 2731326
4028228 4218687
8685767 9884652
8286304 4615505
6368846 2984282
4272465 6597090
9643250 8888205
4654766 2394485
6642112 4543834
1376531 5260341
6513596 809362
9103781 1881909
2343097 7907438
3554630 5609939
3009040 3535867
2425220 3486628
756523 9269454
2819141 2939422
5035815 6595302
2425111 6263382
154411 1951477
9746671 6015067
2707308 2618653
4155264 7291667
8473066 142800
8504057 5826955
4091753 2169795
182703 1826201
1406148 1381962
2468672 9996486
3565937 5518480
6550423 5366477
2030062 1526001
6033914 9892202
7251498 4163975
5629340 5376118
1616051 6008125
6867571 2728115
1930959 9782161
4161398 3637076
5765740 532478
1590066 631051
4172205 3064682
6262623 371025
4631794 1752545
2155100 6307573
4791115 5312301
7013107 2976095
4279313 2005947
5746858 5466248
228109 7494579
708405 1408271
9156249 3227080
4670085 6673818
2012911 1465938
1745937 1829594
5262131 3585736
9416563 1707924
9258456 4171488
3343225 4643937
749199 801537
3199606 9197383
1948095 9472975
1841347 7143952
1340529 3330334
2932886 2973978
341434 2505233
409944 9555272
4022890 7990412
1427113 5049021
1234240 2554120
6196464 9638783
7916750 6907905
7504524 9528265
133927 8776124
5179831 9826964
6966689 9190087
4620734 5609503
5662728 3027406
2944368 8643562
3107477 829131
7457022 4192545
7629304 6637045
66478 8586097
3943472 4172633
3715255 8803522
8638207 4806842
6281893 4533781
5346749 4886865
7834029 9442676
3923500 8194443
3559600 2324548
3684118 1266370
9115983 3184739
358971 2167825
9107786 4095839
2548433 1274021
2272722 2098854
2980240 9916784
8084567 5167550
778785 8366952
3348634 2116630
3655867 3498176
3503582 1554842
3434072 3451185
2081394 3128212
1456674 4021468
375539 805828
8883005 3114898
1770294 4342142
1805490 3047133
5473169 6928458
2721989 4007993
9317857 9474259
5393528 8542402
3074979 5130923
1145593 6971096
1450191 5598710
1920 4441187
4241132 1795149
8430444 7092433
4169566 9561353
9787898 7786848
4927857 846996
9048283 7708725
2946795 7916576
4583332 1782458
8669172 9179838
9042046 2850566
8973556 2463206
1185163 9156862
371877 844988
1647151 1078870
3483662 489536
1941423 5189691
5946783 1628538
1137208 4592796
9557946 2052551
4185266 8097723
9453326 8432296
1332795 7766800
9899270 1629213
3683418 2913055
9999432 4216733
7700736 6991306
1003432 7846933
3433533 3506949
1641010 3245477
8375783 1203702
8061119 7265986
460591 327399
8677607 4943332
8554768 8592063
8303323 2231978
6354285 6243300
6862626 8935093
5747221 457278
420799 4342245
8807274 5436304
3391538 9427494
8798765 2843761
6070866 7041534
8029199 5426487
8283290 150302
8200621 5203195
6972074 8428990
2326060 5560532
6209944 6724445
4827557 6256069
1641590 2982570
1028127 8923544
6994344 7912505
3984077 1352249
7850510 6795784
9264475 7674670
2679232 1159365
3821307 2132909
7759709 3846307
2858948 4790631
3945097 162879
1961878 2041478
2473078 1439886
7565459 3926053
206353 7359628
5576858 4222951
9105526 1797664
234257 4608574
3495837 5115377
8140436 7494617
8268822 2760527
4069529 6941293
3642094 7736222
7304293 7357979
8450968 1261230
3794745 5511749
3788335 6051589
346781 9598518
6279657 8506317
1737411 5562787
8138107 8955510
7248947 2524968
8271250 2715442
7880786 4229527
3485602 9933549
7892053 6835095
2419908 8960924
3236172 459180
1801582 9492221
9681408 6683713
3631122 8421126
4458320 4033546
7359212 2109786
46502 4922296
275777 8482799
9925540 5763190
8101534 2015333
3536237 6283217
604241 8635709
694902 138190
4099481 8022466
3973537 5019239
3863856 584456
4685545 2072244
6417686 6603363
819226 5177743
9391740 3535495
3650871 4582258
7641343 8166512
4930237 2764060
2534547 8927052
2329067 7194009
9003226 9618062
905883 5153970
6683812 516074
1702766 6225476
4695206 5473610
2422611 8269424
3984870 9191164
3368688 420664
5226304 6074218
7273145 7248997
1417430 7387637
9533506 495456
4631897 3949729
2711187 596161
5027742 5845596
500467 1187653
2528255 7812433
2055689 5470934
8952931 6975263
8227981 3000677
2826999 7723111
3345871 6327543
8324006 1576306
1909447 6242305
3747666 7552823
5877793 9955517
7847504 9360412
7598523 3793781
283666 9248091
8022020 5332987
6543024 6468611
6492604 2946513
4111788 6762975
4523148 965238
1349646 8817314
3916063 3986200
1222806 3924675
3266277 8313223
7480551 5151840
4378536 4987431
1179873 5347530
8900748 481338
3510298 9939680
9213108 3974520
2770642 4531268
9775870 2906119
3810543 8153853
2756330 531221
2962758 2148654
5315210 4059801
2272912 7185837
3843009 2784294
4819989 3105156
5326186 2182525
8843066 3202316
4004134 9191365
6700916 466520
3583728 4712322
2792415 1520601
8904168 9887106
4215445 3002258
9129211 111485
3481700 5062878
1095150 9326191
575729 5501263
9811090 3363712
3636627 8409818
6186774 9810074
8769270 5780601
1006501 7000065
3444672 3181948
9802674 748415
1808801 1095583
6375065 3597234
6774249 3978207
4504144 3613819
4841762 8876808
1657110 4202920
9942467 4328466
3471495 1410153
3833341 4064675
7334425 1184630
1319633 3562816
2445354 8298701
4437881 4184118
8591354 1722374
2328250 9663995
8173466 4889438
7486410 5356661
4410201 1200145
3307022 5477966
9466651 8214946
9986662 6441254
5612052 5960013
5892940 1506913
2550086 8592915
2165958 9908032
2017953 675552
3569591 5950738
5628610 7148534
8184752 6477534
9755354 9636088
8237075 1223809
8722136 9332058
975344 2579037
8644794 7325675
948311 7090107
783997 5427616
7714669 7277979
5952291 2443767
9399059 9109012
3276238 1995326
4492891 6308488
2123517 5003654
3915753 7919226
4830980 7910554
777786 2088339
2049152 9679857
4358502 3978325
2822064 6137258
7098563 1962494
828592 31874
8267835 3755136
6876019 5430604
4032407 946869
7286269 7420271
3395179 4178437
3251495 3261818
7594262 5230538
6749369 2901199
2729498 6836151
7978791 8082056
9509670 2495140
6214960 7856462
1198414 5849741
8766477 5703799
5159779 2992630
1307609 82052
1663924 2495246
4882715 2719118
179220 8748635
9198366 235673
5157941 108329
3775613 5711978
1068813 6517102
5149926 198715
1044596 7552009
6006276 1792633
2344125 4640261
145630 5480862
7678644 4472836
8995107 9650261
5934591 247796
2092503 1571213
6892008 8062422
8504983 6927872
8360552 7367453
5642045 9071636
3755973 9514337
22033 3770638
5218925 9383251
5158203 4421848
1290705 3100444
352721 6171385
4423063 1553947
4038711 8512390
4048164 4747958
804062 3043519
8196413 1731804
8590589 3231774
2504044 3925439
2342419 6847700
1983670 9425500
4932590 1428896
8721047 7340400
3537854 890776
6906054 3540251
8987637 9426503
2144894 3970452
6771433 3823679
9983788 3169688
580191 5268033
3779338 4057735
5379351 4161517
8594783 5872922
6316360 319419
2177176 595640
6140822 9503054
2314927 5625154
6044333 8124435
6999871 1747529
539016 4116090
7422611 7821569
1378306 1036011
6327083 115169
5620624 9230096
2008471 1763141
372000 9983153
486945 8728032
6527661 6290104
2183574 687774
6792455 3298907
527172 3076635
9762220 1341567
8913271 1181984
4020751 6735954
9424400 8608870
5793772 5096128
2794378 421417
5126352 3365938
6187923 5971828
2068739 8678867
2194345 8934034
9297476 6800922
5405919 7201767
4445804 1938136
3665462 9032740
8584842 4115078
3292616 1424403
1836049 3901655
9559942 3924098
4542671 644936
5115316 7508102
143797 5249779
23601 107139
1948819 2835476
2154424 4159843
8146837 634001
9627683 2628864
2866430 850689
2473850 1312137
6480541 2797088
5486966 2265328
4177749 1615370
4201275 3452323
2641866 2196217
1140003 7567117
3603385 5709174
7068165 4222732
3560999 2863826
1739677 4818924
5797733 2338678
2849576 5167835
6820870 4576765
4152147 3887721
3553202 626554
6560191 898666
9137290 93709
9891024 3367634
1156169 1738260
5001846 501497
4254170 5738005
4934216 646159
8059265 9581623
7710028 5064914
2860510 9221106
4102338 11166
2984940 4142552
6318068 772101
809379 7072536
2026697 9098446
173853 5200096
9105046 3315107
8645866 7896118
5849858 6848330
6754441 6266199
80017 8479228
1900909 2473421
2690931 4297406
6439864 5211873
6398704 1499271
5587115 1095531
162779 1051842
2359099 9028313
7056112 4542375
3416435 1611874
3936695 9180824
3873650 5849848
7217750 9479422
567366 7007132
1660253 4845480
9233474 5195661
365788 5738552
4095120 1673070
4848693 8432276
713034 9682152
7421531 1239539
3559674 2555508
9488134 2889884
9315495 645629
6967812 8092495
5124870 3208686
9646763 348898
4200382 104741
8406201 8154561
7664084 4347967
1319477 4897089
3133110 8385190
2361923 1513549
9029010 9691327
5247706 9320875
4321469 8708670
7508819 6802666
4959785 4583166
7024993 759357
1572255 3962746
2444556 30719
5411673 8332232
2729571 2236019
7601891 7380244
1567269 230283
8714107 9495658
3552841 9117363
9118291 8938851
8795717 7672139
4203575 2650874
28929 2638574
9602099 3783780
9278689 5647320
636602 3407484
3101161 2609559
1221423 6799693
7322371 5207337
3936623 44538
8208029 4814609
2083155 5377037
7862691 6743727
5595456 7267061
8534719 4513424
759925 5001248
7895255 8728251
4734007 5498871
7051504 5915088
3473927 3161140
5163949 1819470
9035824 4465051
7367206 8692352
4872795 7977641
9932202 6231356
3437504 4531593
3274457 3159719
799266 127591
8066931 2912515
3272034 5688473
8388929 357802
1799254 9273196
4563510 9836751
6899439 65647
2769561 174163
4801326 6609446
9861575 3742730
4658423 2642027
466192 2821838
9460496 2489580
1831089 8937275
1417152 2195040
4151045 89781
9092614 7868266
5243489 6801086
8770037 4248986
1199840 613095
6755376 7004892
9080351 845344
315382 7684570
3741533 4303698
3483638 2226366
9485327 6707997
2402120 5553395
144038 6557855
466977 3369774
3151184 8859064
8376520 3305317
268108 506550
4919861 9039923
2367116 4840052
9922241 3119155
6586172 4109646
3935286 828239
9924661 6532598
850341 8612371
9231708 5089917
7539689 2556851
438528 4964832
9757138 8046843
8601210 8851366
9801459 3657072
1733302 5999562
675243 2123060
1757753 8460760
4532654 7704522
4265434 4825324
8840299 9989373
7226053 4868630
2509761 8635014
8716787 8260766
6880019 8859487
5816693 8174536
9043843 8274413
9214675 5023769
6472834 806160
5740730 8615770
3858712 9145386
7103557 1037913
859618 37218
3749209 4395966
6341014 3113270
1262229 158556
8454742 9667496
6733435 392029
6203196 5407348
620316 7592634
542116 1217197
137946 5631535
3418675 458945
1647600 6306330
859406 787662
7392583 597241
7348498 8858115
2889579 6983305
8806896 7277839
8766276 3811873
9795032 1976116
6549590 8684320
1109966 8025891
4949485 3973770
2756943 3470322
801473 5801932
9753464 5669582
2760237 9049562
7998421 9460579
6270367 5397473
1647164 8803480
3435744 6937602
7628525 5107580
5348685 4308518
177257 3549066
7713218 7926855
6446596 7397776
2290836 391430
8864624 2338082
1793276 3308381
862571 2088788
4578918 5773783
5289444 7475777
6408515 1789637
4099869 3298842
4617944 295344
1984528 4435827
7726243 1391649
4090096 9534116
1307443 7318312
1446537 5688279
2272362 2313309
4241719 324809
7552837 4670443
3049099 2976170
698004 8469926
3143350 1632025
554315 5561990
5570563 816731
9124884 4767697
8203272 2555935
3533678 2702094
3791092 6797306
3795742 1672618
2948246 8738784
2989349 7669591
8766701 3635128
1774913 5429383
7436815 6598911
2027171 1341231
6607211 9552239
7781261 4129833
3086335 8309585
6126471 2242435
889309 9562316
5709684 4263008
4957705 7179673
6190935 4926602
2258718 4183954
5447151 1064261
8862466 8329004
1079882 5111396
5903332 6731682
1773280 3696770
3056682 9879655
7231655 873030
5242069 6719108
4163086 601410
2426523 2671138
2125428 679597
9986387 540835
6111371 7025335
5860172 884305
6988649 9997054
8685418 9301791
9948560 8914430
6618925 3908855
5366028 6680329
4192578 7293892
5145452 1104324
715960 9756449
517470 4321421
5572700 8252034
7810209 7329329
9219388 3185041
8992744 5364488
6520180 7372229
2979968 8914395
1885781 9523810
1347145 2838789
1694386 3377516
3296297 9301374
7581261 8809249
992625 3731720
3485684 663724
5743208 4193526
1588956 4759708
954213 7796414
9947152 5625816
5968220 6352166
6282297 4683609
8157468 5078100
3965456 9389321
2353212 3448698
3212021 7420881
5510446 6214435
2523288 7865914
2577964 8669999
5929130 5579063
1443394 336255
4292701 1773074
6491523 9565009
2194298 2312993
2060791 3703627
3200057 6792703
5877672 8297834
532438 8434580
7728520 9258041
8237828 3291036
464547 8210438
198960 4438462
2658426 845364
4958519 3462560
9196331 5450518
1317710 1959353
3751542 7321163
5816957 2872179
344064 3363572
5432410 7561195
4738434 9149314
1362032 7112855
1324445 6482059
3610224 3143282
860712 5846511
4581731 7917253
9454717 6152737
7994820 5478768
5230363 2046728
9606000 2557458
6513140 7071360
2928099 111286
9289731 136561
3050189 8538627
6667088 3465110
3755289 8494335
6367608 2344749
1818308 1953339
5363391 1408414
3181082 8839956
9615963 3966122
3389817 2491149
2994142 271625
1597531 7124944
9438098 8572191
480889 6370794
1887669 3310723
5821260 812259
8466303 5315544
9921236 9417481
6009808 7535877
5292142 8287541
3808055 5796050
3553714 709143
5350333 3198128
1503264 6512438
3321326 5193434
6760623 8880695
1530605 2407089
6611128 6236969
4608527 8790621
7311473 5179846
6556763 8630920
3625858 4308287
1235763 3528451
2288954 8868182
3851197 3359828
1356381 7726084
6324976 4310635
8839897 2251280
2195372 7895968
8075427 6157079
9670285 7624155
4109808 6102332
8642439 9390385
1467864 9960400
4514242 7197063
3269001 8718994
5390005 8260912
393991 3943931
7732135 4022932
7521507 9856329
8661678 770399
5090679 4157204
4327362 824347
1174133 9045702
3286321 1301597
1513930 5707036
3456968 8109194
6373280 4370144
8340796 8561445
6655097 9165860
9890199 7234375
4532307 5555799
1789181 823274
315018 8544235
9611987 7709662
5926304 9788627
3493313 7475782
6717439 4698786
3198147 1418094
7869450 8813648
3512329 6249485
7644233 3408092
7016767 141337
3328523 5205034
2215700 9387736
1478406 3642502
6910469 419710
3009278 8325341
2422633 4201197
2607292 1337382
8713151 8980973
9783556 5984992
2995112 4752652
1470385 3167458
5424041 5471008
1884893 7602755
1813847 4091931
2583657 7715424
2466502 6425177
1262150 7458715
108615 3579396
9116456 1025741
9837317 382141
4120086 5583399
2528178 8237031
4497371 9695209
559330 1521977
28800 2874411
3849985 5983620
1718817 4784251
3925629 9242057
4845561 1562591
9355414 7905638
1111221 4625731
6213232 1379483
7401200 6593806
5947716 7480849
5415217 928974
4956551 9529826
4737980 6330801
7021520 686419
5489550 3466755
7236337 8056614
8096555 7444052
6546305 3670287
2775812 9855118
3281951 3208337
4707394 3595755
4594401 5347452
5801649 9241542
238590 3368317
9950582 4000244
6863337 7918329
8705748 5460993
391563 2708071
9345459 3747621
8150591 6885789
8242417 3951389
2190701 9195936
4264233 802012
9981735 2267578
3531862 2380730
26607 9020100
3837805 5762267
8612153 6965168
6562137 2225461
8949084 4052489
5218686 9553680
4541932 2977161
2113149 888685
8385265 4081219
945799 6445993
1566191 7239733
7052829 5482418
9260607 706183
9982182 4444907
8117417 3791989
7166713 2350036
8808893 8809926
9116565 3513680
8225818 4334814
4658770 2799687
2052706 6890182
4598522 8959131
8595978 793573
4849705 3578039
383288 3554193
3065725 8702565
3353731 6745339
3285681 2231075
5296954 7112143
474323 3515148
5974393 10236
7064623 6757716
8406872 5269939
6067866 5691318
5991132 9126982
9061091 4249757
1377111 3442687
6960918 2663101
2092979 8784389
150715 3734266
9442422 5121647
8050776 3675950
6367552 1797723
294145 6509807
574089 9332181
6696991 2216484
9547776 4447440
6878459 8014121
6904837 1862179
8010881 3288060
6358967 56928
5963161 3886858
3407109 6123890
6804277 6455825
6540898 2212130
842919 342151
111197 5979776
9843332 3668187
7212718 9935105
1984218 822227
7832515 9124855
2591406 4021899
1445334 4194427
9357785 2910648
490356 749631
5575425 8024291
9853970 4168008
5125291 9338623
5713762 4218050
6083299 9660912
1722328 4271450
6481114 2326238
3236158 6633972
27558 5920565
2257541 7103089
8978975 1981183
6667205 9135946
9605017 7179168
5443603 2321099
8881598 2272744
7748085 6964421
1044418 3623334
1353454 278819
1602989 6641627
4029071 1297271
1566276 5684529
7964242 1632727
8764498 7048530
